   4840   2296  -5444   -512   -387   -391
   4396   2424  -5092   -512   -326   -625
   4676   2072  -5308   -528    -30   -910
   5092   1768  -5192   -496   -538    -11
   4860   1436  -5216   -512   -430   -459
   4916   1840  -5308   -496    -70   -703
   4772   2124  -5320   -496    -24    112
   4636   2300  -5176   -544    134    206
   4480   2124  -5168   -480    116   -515
   4604   2624  -5068   -480   -373   -422
   4140   2248  -5016   -480   -415   -397
   4152   1808  -5276   -512   -152   -813
   4540   1692  -5480   -480   -136   -482
   4708   1732  -5036   -496   -242   -583
   4636   1936  -5232   -528    123  -1183
   4988   2192  -5064   -496   -249   -173
   4628   1740  -5420   -496    -81   -511
   4580   1988  -4928   -480    -51  -1108
   4888   2460  -5340   -496   -464   -319
   4344   2084  -5064   -512   -201   -718
   4804   2392  -5076   -544     34   -890
   4620   2044  -5420   -512   -254   -152
   4760   1828  -4952   -496   -339   -439
   5240   1844  -5336   -528   -225   -942
   4844   1880  -5348   -576   -552     65
   4468   1656  -5068   -512     -9   -637
   4576   1788  -5284   -512    119   -378
   4408   1012  -5440   -496      6    148
   4080   1384  -5280   -560    439   -702
   3292    928  -5496   -528    637   -692
   3336   2096  -5180   -544    239    762
   3312   2920  -4920   -512   1705  -1291
   4120   3364  -5180   -576    796    -56
   4004   3212  -4864   -544     36   -575
   4604   3676  -4748   -544   -105  -2473
   4484   3336  -4936   -512  -1937  -1412
   4032   2860  -5244   -528  -1652  -2329
   4780   2440  -5456   -528   -938  -2589
   4692   2088  -5340   -528  -1517   -800
   4460   1260  -5268   -512   -781  -1843
   4288    680  -5564   -480   -865  -1184
   4608   1220  -5700   -512   -815    216
   4716   2432  -5476   -528    423    239
   4940   2428  -5324   -560    293   1431
   4568   2448  -5152   -560    169    900
   4808   2944  -5200   -560    109     47
   4600   2992  -5112   -512  -1209    656
   4140   2600  -5096   -544   -588   -571
   4116   2584  -5272   -576   -201   -460
   3816   2012  -5352   -544   -604    391
   3656   1452  -5344   -576    330  -1156
   3972    860  -5280   -576     63  -1030
   2976    788  -5672   -512    138    942
   3200   1700  -5548   -528   1608   -669
   3792   2120  -5540   -528   1513    692
   3616   2520  -5228   -592   1358    411
   3972   2980  -4836   -544   1225  -1111
   4096   3648  -5028   -512   -222   -549
   3900   3740  -4964   -560    -15  -1546
   4180   3644  -5132   -528   -260  -1662
   4344   2872  -5044   -512  -1181  -1197
   4288   2296  -5008   -560   -970  -2128
   4568   2184  -5220   -560  -1554  -1814
   4272   1728  -5304   -544  -1576  -1077
   4368   1432  -5324   -512   -196  -1684
   4524   1768  -5440   -592   -379    507
   4396   1728  -5284   -576   -116    429
   4716   2208  -4952   -576     97   -135
   4836   2976  -5328   -528  -1083    788
   4320   2840  -5008   -528   -507   -199
   4648   3084  -5360   -544   -470   -325
   4284   2540  -5112   -560  -1089    434
   4264   1720  -4980   -528   -725   -883
   4160   1800  -5252   -576  -1105   -786
   3820   1156  -5576   -560   -807   -439
   3568    952  -5424   -528    716   -815
   3796   1036  -5428   -544    761    510
   3444    948  -5380   -512   1334    206
   3836   1796  -5036   -608   1634    -50
   3788   2488  -5136   -544    819    450
   3716   3116  -5328   -576   1456   -668
   4236   3644  -5128   -576   1162   -519
   4216   3528  -4884   -544    277   -292
   4008   3232  -4976   -560    120  -1876
   4396   3220  -5172   -512   -942  -1613
   3804   2872  -5516   -576  -1220  -1603
   4196   2340  -5420   -560   -449  -2139
   4204   2040  -5472   -560   -760   -439
   3888   1468  -5324   -576   -430   -429
   4712   2020  -5200   -528   -209   -776
   4356   2080  -5160   -560   -780    140
   4204   2640  -5436   -544   -217   -175
   4644   3060  -4836   -528   -281    -68
   4456   2988  -5028   -576  -1008    587
   4636   2688  -4896   -560   -919   -969
   4468   2576  -5304   -592  -1776   -533
   3956   1956  -5144   -576  -1770   -814
   4224   1820  -5292   -528   -728  -1346
   4056   1300  -5448   -528   -804     -6
   3824    772  -5212   -608     91   -559
   4080    588  -5420   -560    545   -646
   3980   1248  -5620   -544    365    357
   3748   1700  -5324   -544   1546   -253
   4272   2576  -5424   -560   1734    112
   3928   2764  -5016   -576   1256    561
   4288   3076  -4804   -560   1304   -902
   4440   3412  -4788   -560    183   -765
   4088   3116  -5052   -576   -136  -1174
   4340   3008  -5296   -544    168  -1591
   4212   2784  -5200   -592   -420   -630
   4112   1876  -5336   -576   -103  -1410
   4432   2060  -5268   -576   -210  -1341
   4060   2076  -5268   -592   -681    -51
   4080   2584  -5576   -592    150   -532
   4440   2732  -5600   -576     95    430
   4308   2668  -5104   -608   -322    815
   4572   3028  -5096   -592   -383   -481
   4568   3344  -4932   -576  -1475   -137
   4200   3060  -4940   -592  -1596   -531
   4292   2836  -5264   -592  -1327  -1199
   4240   2332  -5300   -592  -1766   -518
   3916   1428  -5200   -608  -1367  -1134
   4040   1168  -5424   -608  -1121  -1211
   3884    924  -5540   -576   -984   -501
   3780   1180  -5668   -560    303   -687
   4100   1332  -5292   -608    824     26
   4028   1564  -5448   -608    993    376
   4220   2120  -5056   -560   1446   -574
   4148   2700  -5172   -624    689    -23
   4208   2884  -5080   -576    807   -620
   4472   3288  -5244   -544    922  -1040
   4360   3004  -5052   -592    177   -487
   4208   2468  -5060   -544    196  -1302
   4536   2344  -5272   -544   -106  -1430
   4208   2024  -5336   -624   -428   -724
   4060   2088  -5192   -592    502  -1049
   4408   2380  -5520   -592    353    198
   4112   2344  -5212   -640    430    453
   4184   2644  -5092   -624    494    -29
   4324   3008  -5012   -560   -421    563
   3972   3460  -5228   -640   -443     92
   4276   3540  -5188   -592   -593   -199
   4220   3212  -4864   -592  -1413      7
   3880   2704  -5024   -608  -1415  -1082
   4064   2352  -5136   -576  -1903  -1207
   3792   1924  -5328   -576  -2094   -817
   3836   1376  -5712   -608  -1023  -1448
   3776   1168  -5372   -608   -729   -633
   3768    816  -5624   -560   -267   -325
   3996   1136  -5336   -592    231   -776
   4028   1772  -5364   -592    125    -20
   4008   2112  -5364   -672    730   -443
   4332   2596  -5312   -608   1052   -602
   4444   2608  -5108   -624    493   -169
   4344   2644  -5084   -608    513  -1181
   4716   2876  -5300   -592     35  -1226
   4256   2452  -5300   -608   -284  -1124
   4508   2272  -5192   -656    346  -1484
   4464   2160  -5268   -640    264   -508
   4188   1760  -5264   -576    506   -309
   4472   2212  -5380   -624    764   -547
   4244   2288  -5240   -608    315    579
   4128   2544  -5264   -624    650    435
   4400   3228  -5256   -624    608    570
   4184   3380  -4964   -608   -150    901
   4068   3280  -5148   -640   -366   -198
   4312   3408  -5132   -656  -1226   -372
   3924   3108  -5264   -624  -1750   -559
   3728   2548  -5336   -624  -1329  -1181
   3656   2136  -5356   -640  -1529   -612
   3480   1432  -5344   -640  -1278   -881
   3868   1396  -5312   -640   -804  -1243
   3760   1292  -5276   -576   -873   -457
   3916   1408  -5308   -624      7   -800
   4052   1952  -5396   -624    439   -442
   3996   2108  -5220   -624    261   -109
   4288   2320  -5184   -624    517  -1018
   4612   2920  -5396   -640    -17   -955
   4404   2600  -5132   -640   -259  -1154
   4664   2636  -5264   -656    109  -1609
   4508   2272  -5148   -640   -168   -990
   4524   1784  -5408   -656    -87   -939
   4564   1792  -5320   -656    265  -1222
   4520   1844  -5244   -640    115   -243
   4328   1728  -5512   -640    766    -41
   4536   2072  -5360   -656   1007    619
   4244   2596  -5288   -640    787   1178
   4276   2808  -4988   -592    809    527
   4300   3400  -5096   -720    -27    681
   4060   3240  -5020   -672   -427    316
   4188   3436  -5356   -640   -403   -390
   3920   3096  -5304   -592  -1102    -36
   3536   2360  -5316   -640  -1187   -663
   3688   2024  -5220   -624  -1191  -1092
   3552   1808  -5352   -624  -1443   -596
   3384   1564  -5396   -672   -730   -924
   3764   1816  -5524   -640   -261   -600
   3688   1656  -5284   -640   -201   -235
   3900   2108  -5076   -640    244  -1005
   4316   2552  -5284   -624   -165   -676
   4164   2732  -5116   -592   -160   -929
   4456   2816  -5340   -656     69  -1484
   4504   2728  -5080   -608   -429  -1039
   4332   2504  -5272   -672   -474  -1481
   4600   2220  -5168   -592   -494  -1778
   4504   2012  -5316   -624   -703  -1131
   4588   1604  -5528   -656     98  -1256
   4624   1676  -5652   -640    396   -379
   4444   1576  -5360   -640    566    282
   4368   1980  -5236   -640    974     22
   4616   2508  -5120   -656    590    597
   4256   2872  -5184   -624    599    768
   4392   3192  -5064   -640    624    487
   4344   3252  -5124   -672    -88    851
   3940   3128  -5024   -624   -302    -43
   3824   2920  -5000   -656   -724   -424
   3728   2488  -5356   -640  -1154   -264
   3424   2172  -5464   -640   -679   -815
   3532   1988  -5296   -640   -565   -472
   3504   1636  -5332   -672   -454   -332
   3516   1676  -5292   -656    -54   -777
   3588   2028  -5260   -688   -222   -426
   3532   2276  -5160   -704      5   -572
   3852   2672  -5088   -672    280   -893
   4100   2752  -5228   -688   -173   -748
   4204   2828  -5176   -624   -304  -1358
   4420   2836  -5080   -656   -616  -1868
   4376   2552  -5180   -640  -1102  -1578
   4488   2232  -5332   -704   -703  -2201
   4428   1872  -5388   -688   -614  -1322
   4332   1676  -5232   -672   -443   -762
   4636   1472  -5196   -656    145  -1013
   4488   1540  -5212   -736     83   -132
   4388   1620  -5540   -640    430    219
   4552   2300  -5112   -688    800    492
   4452   2724  -4928   -640    492    990
   4364   2900  -4820   -656    420    499
   4480   3136  -5196   -672    -23    264
   4184   2900  -5040   -672   -519    244
   4000   2816  -5244   -688   -332   -315
   4044   2460  -5328   -656   -497   -136
   3108   1640  -5176   -720   -293   -460
   3520   2012  -5288   -624   -163   -812
   3476   1804  -5272   -704   -304   -373
   3316   1856  -5340   -672    158   -433
   3476   2200  -5360   -672    522   -462
   3832   2636  -5356   -720    226   -181
   3828   2612  -4960   -720    334   -674
   4084   3048  -5004   -720   -157  -1053
   4072   3080  -5064   -672   -585  -1186
   3956   2984  -5248   -640   -577  -1847
   4388   2952  -5360   -688   -867  -1759
   4300   2328  -5232   -688   -968  -1671
   4356   1852  -5280   -656   -805  -1825
   4428   1804  -5308   -720   -899  -1177
   4336   1480  -5336   -704   -356   -921
   4604   1600  -5388   -736    160   -401
   4412   1764  -5448   -704    206    598
   4580   2068  -4868   -672    398    129
   4636   2472  -5120   -720    142    356
   4408   2852  -5016   -656   -125    505
   4420   2796  -5232   -624      6     53
   4328   2884  -5104   -720   -326    197
   3964   2464  -5204   -736   -457    -65
   4140   2196  -5388   -704   -391   -454
   3672   1864  -5296   -736   -480   -184
   3536   1652  -5552   -704    -18   -354
   3740   1780  -5412   -720    390   -172
   3560   1924  -5388   -704    455    108
   3552   2236  -5284   -656    744   -173
   3540   2524  -4996   -720    644   -587
   3752   2924  -5272   -736    318   -367
   3860   3176  -5188   -688    346   -941
   4140   3248  -5184   -640   -140   -957
   3952   3016  -4916   -640   -532  -1390
   4184   2736  -5028   -688   -778  -1883
   4116   2364  -5144   -736  -1195  -1547
   4324   2236  -5188   -704   -910  -1648
   4324   1832  -5356   -704   -616  -1354
   4388   1828  -5444   -752   -519   -696
   4444   1844  -5212   -752   -154   -666
   4616   2220  -5264   -720   -180   -178
   4480   2368  -5416   -720   -175    268
   4688   2684  -5240   -704      8     66
   4572   2872  -5044   -704   -241    379
   4452   2664  -5164   -720   -425     44
   4328   2600  -5144   -672   -573   -272
   4236   2392  -5144   -720   -867   -181
   3972   2088  -5368   -720   -492   -437
   4020   1832  -5284   -736   -213   -318
   3836   1588  -5400   -704     41    -44
   3608   1260  -5188   -672    484   -316
   3608   1644  -5292   -720    613     85
   3524   1948  -5272   -752    723    102
   3800   2620  -5120   -688    982   -108
   3692   2800  -5232   -720    702    -30
   3832   3060  -5112   -752    480   -615
   3988   3200  -4976   -720    101  -1141
   4036   3216  -4988   -704   -437  -1205
   4060   2940  -5352   -704   -504  -1604
   4288   2692  -5152   -736   -592  -1504
   4260   2252  -5100   -672   -811  -1215
   4356   2052  -5420   -688   -555  -1400
   4456   2052  -5464   -720   -567   -936
   4408   2180  -5256   -720   -381   -576
   4444   2372  -5408   -752    -82   -386
   4508   2576  -5328   -736   -207    359
   4496   2608  -5196   -688   -367      6
   4548   2728  -5120   -704   -579   -136
   4456   2824  -5124   -736   -925   -174
   4428   2564  -5116   -704   -836   -498
   4208   2288  -5384   -736   -831   -436
   4228   1964  -5416   -784   -786   -333
   3952   1536  -5224   -704   -408   -553
   3860   1612  -5452   -752   -320   -249
   3796   1460  -5408   -720    206   -156
   3924   1684  -5348   -752    766   -194
   3676   1960  -5400   -752    867    245
   3852   2316  -5092   -736   1011    -31
   3988   2572  -5268   -752    859   -318
   3972   2912  -5296   -704    469   -354
   3876   2968  -5088   -784    406   -892
   4036   3076  -5208   -752     82   -977
   4028   3016  -5036   -704   -241  -1088
   4212   2712  -5084   -784   -396  -1527
   4076   2416  -5408   -736   -582  -1188
   4032   2220  -5296   -688   -436  -1109
   4036   2004  -5512   -704   -198   -787
   4220   2348  -5208   -720   -262   -186
   4220   2280  -5268   -752   -176   -210
   4432   2692  -5004   -752   -375   -170
   4364   2844  -4964   -752   -660    -13
   4516   2896  -5168   -704   -728   -239
   4356   2884  -5348   -784   -916   -386
   4276   2608  -5004   -736  -1147   -430
   4264   2256  -5416   -784  -1160   -773
   4068   1900  -5476   -720  -1179   -645
   3896   1524  -5392   -736   -790   -618
   3904   1692  -5256   -720   -342   -369
   3948   1276  -5336   -736     16    -48
   3712   1496  -5360   -768    500   -259
   3988   1868  -5360   -752    686   -145
   3996   2120  -5248   -720    761    -43
   4016   2496  -5212   -752    949   -286
   4084   2760  -5140   -736    728   -333
   4212   2900  -5064   -736    453   -639
   4056   2744  -4932   -768    235  -1115
   4200   2588  -4988   -752   -115  -1146
   3976   2540  -5348   -720    -97  -1202
   4012   2472  -5320   -736    -23  -1034
   4216   2076  -5208   -784    -16   -741
   4288   2180  -5300   -768     33   -628
   4240   2436  -5244   -752     12   -285
   4196   2732  -5180   -720   -138    -34
   4276   2868  -5404   -768    -88    -60
   4240   2960  -4940   -736   -396    134
   4264   3028  -5252   -768   -752   -142
   4328   2864  -4924   -816  -1009   -572
   4080   2664  -5100   -736  -1376   -602
   4128   2472  -5336   -816  -1359   -785
   3856   2044  -5176   -768  -1157   -756
   3968   1560  -5568   -736   -961   -579
   3796   1516  -5400   -736   -629   -589
   3800   1524  -5352   -768   -233   -437
   3728   1452  -5444   -784    113   -207
   3940   1848  -5240   -768    551   -255
   3996   2108  -5112   -784    627    -92
   4112   2448  -5084   -768    655   -327
   4172   2800  -5064   -736    513   -660
   4032   2772  -5188   -752    236   -685
   4156   2740  -5244   -736    210  -1049
   4112   2656  -5200   -752    191  -1094
   4064   2424  -5072   -784     70   -954
   4160   2124  -5344   -752    191  -1012
   4240   2256  -5544   -784    145   -701
   4044   2228  -5288   -784    278   -405
   4076   2460  -5292   -720    405   -165
   4376   2664  -5228   -800    290    206
   4132   3016  -5184   -768     48    129
   4100   3236  -5024   -768   -237    -79
   4304   3324  -5204   -736   -697   -132
   3928   3012  -5280   -784   -951   -430
   4052   2840  -5096   -784  -1164   -549
   3888   2560  -5172   -752  -1334   -611
   3768   2032  -5120   -768  -1254   -859
   3832   1688  -5316   -752  -1132   -753
   3712   1548  -5380   -752   -900   -494
   3776   1696  -5432   -752   -346   -537
   3876   1636  -5728   -768    -61   -170
   3876   1920  -5220   -784    160   -352
   3968   2140  -5312   -736    304   -459
   4152   2412  -5108   -784    265   -484
   4224   2464  -5316   -784    312   -758
   4280   2576  -5328   -784    207   -967
   4172   2496  -5288   -768    111   -989
   4208   2348  -5176   -768     61  -1181
   4444   2212  -5052   -784      7  -1047
   4260   2084  -5488   -768    165   -888
   4292   2100  -5400   -800    423   -614
   4112   2132  -5284   -768    488   -157
   4320   2216  -5184   -784    595    -57
   4156   2608  -5156   -768    490    129
   4320   2916  -5060   -816    208    322
   4088   3100  -5060   -800      7    146
   4200   3344  -5068   -784   -333     63
   4148   3108  -5048   -768   -744   -152
   3944   2908  -4980   -784   -995   -508
   3732   2552  -5132   -704  -1227   -619
   3788   2232  -5208   -752  -1182   -667
   3788   1864  -5168   -784   -933   -715
   3680   1760  -5432   -784   -759   -536
   3808   1680  -5312   -800   -464   -579
   3752   1856  -5232   -816   -292   -629
   3844   2092  -5448   -768   -108   -430
   4084   2308  -5196   -784    113   -566
   4092   2572  -5216   -784     71   -638
   4108   2636  -5248   -784    -41   -792
   4324   2512  -5032   -752    -58  -1233
   4368   2520  -5020   -784   -228  -1216
   4108   2224  -5080   -768   -170  -1234
   4452   2084  -5260   -768     39  -1123
   4256   2100  -5180   -800    131   -799
   4540   2108  -5336   -768    352   -608
   4356   2104  -5180   -784    508   -343
   4240   2304  -5216   -832    581      9
   4320   2476  -5124   -784    707    216
   4296   2984  -5324   -800    505    399
   4332   3064  -4984   -784    173    324
   4164   3104  -5024   -784   -141     87
   3976   3116  -5040   -816   -532   -108
   3904   2716  -4952   -768   -766   -336
   3932   2632  -4980   -768   -800   -483
   3556   2308  -5176   -800   -887   -439
   3728   2012  -5200   -816   -772   -630
   3588   1864  -5168   -784   -686   -489
   3536   1856  -5492   -784   -497   -480
   3604   1984  -5164   -800   -132   -399
   3648   2180  -5248   -784   -122   -421
   3940   2248  -5240   -784    -80   -612
   4008   2552  -5196   -784   -172   -867
   4048   2540  -4984   -800   -358  -1010
   4184   2728  -5284   -832   -398  -1285
   4156   2444  -5396   -752   -375  -1446
   4252   2244  -5120   -816   -357  -1310
   4264   1952  -5164   -752   -292  -1324
   4432   1820  -5256   -800   -136  -1032
   4276   1820  -5396   -784     94   -628
   4384   2116  -5212   -768    382   -293
   4488   2108  -5404   -816    543     96
   4352   2356  -5212   -832    541    194
   4256   2736  -5272   -800    448    250
   4372   3000  -5420   -832    121    330
   4292   3104  -5200   -784    -23    171
   4120   3032  -5220   -816   -254    -25
   3880   2684  -5380   -832   -525    -86
   3824   2420  -5272   -800   -597   -382
   3776   2356  -5088   -784   -660   -400
   3680   2152  -5440   -848   -613   -382
   3636   2092  -5408   -816   -320   -474
   3676   1936  -5300   -864   -138   -345
   3612   2136  -5256   -784     22   -334
   3480   2316  -5276   -784    -25   -530
   3660   3028  -5648   -784   -369   -879
   3948   2880  -5296   -800   -177   -731
   4056   2796  -5108   -768   -294  -1057
   3920   2612  -4892   -816   -430  -1270
   4068   2400  -4932   -816   -565  -1528
   4264   2324  -5316   -784   -662  -1496
   4236   2116  -5292   -800   -553  -1345
   4400   1848  -5220   -832   -248  -1153
   4320   1836  -5108   -816    -84   -714
   4480   1912  -5540   -784    212   -494
   4456   2040  -5252   -832    286   -254
   4500   2276  -5248   -768    317    141
   4264   2628  -5116   -800    313    189
   4536   2780  -5132   -816    204    241
   4404   2988  -5236   -816    -54    190
   4256   2964  -4904   -768   -247    -56
   4224   2608  -5152   -800   -427   -155
   3752   2468  -5144   -800   -466   -287
   3760   2012  -5316   -848   -341   -270
   3708   1964  -5352   -816   -241   -164
   3772   1948  -5312   -848    -64   -240
   3600   2028  -5232   -832     46   -153
   3548   2264  -5164   -864     82   -106
   3584   2388  -5032   -832    169   -341
   3852   2704  -5316   -816     87   -458
   3836   2796  -5044   -800    -84   -721
   4096   2848  -5176   -800   -307  -1086
   3936   2828  -5192   -864   -589  -1224
   4212   2552  -5088   -848   -645  -1486
   4260   2280  -5092   -848   -638  -1599
   4072   2176  -5328   -832   -649  -1296
   4268   2072  -5216   -816   -412  -1206
   4384   1928  -5160   -816   -288   -899
   4264   1892  -5272   -784   -107   -597
   4464   2160  -5280   -832     87   -341
   4464   2280  -5172   -800    155     34
   4540   2628  -5148   -880     90    118
   4432   2708  -4912   -848    -48     27
   4412   2720  -5156   -816   -254    -12
   4224   2728  -5168   -832   -330   -182
   4088   2452  -5312   -800   -351   -167
   4056   2228  -5100   -864   -366   -200
   3928   2060  -5360   -912   -244   -257
   3760   2040  -5136   -864   -144   -171
   3652   1972  -5236   -816     44    -97
   3536   2088  -5404   -800    284    -66
   3776   2160  -5188   -816    368     56
   3684   2416  -5164   -848    386   -145
   3872   2548  -5312   -816    253   -426
   3620   2712  -5184   -832     23   -673
   3688   2804  -5040   -832   -163   -962
   4044   2964  -5064   -816   -340  -1155
   3976   2696  -5200   -816   -583  -1231
   4128   2356  -5280   -880   -583  -1429
   4280   2204  -5244   -832   -624  -1392
   4096   2216  -5160   -816   -566  -1206
   4164   2000  -5244   -816   -338   -943
   4420   2124  -5280   -848   -222   -516
   4468   2260  -4932   -832   -125   -352
   4568   2328  -5064   -832    -99    -70
   4472   2484  -5352   -848   -264    -54
   4528   2604  -5308   -816   -287   -165
   4440   2712  -5112   -832   -381    -95
   4384   2500  -5324   -864   -539   -184
   4252   2340  -5292   -816   -547   -300
   4100   2056  -5148   -880   -509   -302
   3772   1920  -5280   -880   -364   -299
   3808   1780  -5428   -864    -14   -238
   3780   1728  -5132   -864    158    -47
   3772   1820  -5104   -816    396   -120
   3612   2076  -5196   -912    494    -40
   3620   2300  -5372   -800    489    -90
   3816   2676  -5224   -832    431   -306
   3836   2804  -5108   -880    308   -517
   4044   2920  -5000   -848     33   -724
   3880   2816  -5068   -848   -161  -1107
   3992   2728  -5288   -832   -381  -1248
   4196   2604  -4980   -896   -453  -1310
   4000   2268  -5172   -816   -450  -1265
   4076   2224  -5312   -864   -365  -1063
   4056   1952  -5240   -832   -308   -946
   4244   2312  -5300   -864   -239   -654
   4352   2384  -5184   -816   -247   -360
   4520   2576  -5080   -864   -236   -448
   4280   2704  -5120   -880   -344   -123
   4324   2632  -5296   -864   -498   -141
   4292   2744  -5144   -848   -636   -332
   4348   2488  -5264   -816   -757   -371
   4116   2312  -5104   -864   -804   -438
   4116   2092  -5420   -896   -635   -433
   3948   1824  -5224   -864   -479   -302
   3820   1772  -5380   -880   -209   -213
   3988   1644  -5372   -832     51   -156
   3764   1712  -5256   -816    300    -10
   3768   2092  -5444   -848    514     -3
   3748   2452  -5316   -880    583    -42
   3760   2500  -5024   -832    532   -178
   3776   2688  -4940   -848    365   -512
   4116   2784  -5324   -896    179   -743
   3964   2864  -5176   -880     -7   -928
   3876   2624  -5136   -832    -93  -1121
   4116   2576  -5176   -816   -197  -1062
   4076   2376  -5244   -880   -229  -1102
   4188   2280  -5192   -832   -214  -1004
   4088   2272  -5252   -832   -220   -714
   4196   2416  -5308   -880    -95   -541
   4272   2592  -5156   -928   -152   -362
   4228   2628  -5136   -864   -263   -265
   4288   2892  -5048   -864   -472   -281
   4304   2880  -4980   -928   -635   -328
   4360   2756  -5048   -848   -819   -396
   4228   2616  -5148   -864   -900   -491
   4144   2468  -5184   -880   -965   -484
   4156   2128  -5224   -896   -864   -540
   3912   1852  -5192   -880   -663   -486
   3824   1768  -5216   -848   -449   -311
   3892   1732  -5304   -864   -109   -202
   3872   1864  -5008   -880    238   -189
   3876   1920  -5348   -864    365    -60
   3828   2208  -5036   -880    431   -144
   4016   2504  -5148   -864    445   -293
   4088   2712  -5152   -864    327   -474
   4080   2780  -5264   -848    311   -690
   4012   2704  -5184   -832    132   -865
   4056   2464  -5164   -880     62  -1010
   3976   2332  -5232   -864    -50  -1017
   4068   2372  -4964   -848    -33   -979
   4052   2288  -5200   -832     74   -833
   4120   2376  -5208   -928    100   -661
   4104   2412  -5188   -848    101   -414
   4224   2636  -5180   -848     27   -326
   4052   2840  -5132   -896   -189   -213
   4160   2960  -5132   -864   -393   -210
   4180   2820  -5272   -944   -560   -338
   4276   2916  -5212   -864   -819   -404
   4200   2740  -4976   -848   -974   -525
   4052   2352  -5164   -880  -1106   -605
   4168   2164  -5280   -896   -992   -572
   4080   1912  -5224   -896   -785   -584
   3808   1780  -5372   -912   -609   -385
   3796   1764  -5360   -912   -271   -291
   3848   1772  -5400   -928    -30   -304
   3804   1980  -5352   -944    117   -155
   3900   2228  -5152   -848    249   -220
   3952   2264  -4964   -880    319   -394
   4088   2440  -5156   -864    295   -504
   4040   2520  -5012   -864    211   -734
   3988   2532  -5000   -848    134   -903
   3968   2540  -5132   -896     77   -929
   3972   2284  -5288   -912    134   -967
   4132   2216  -5316   -912    134   -857
   4072   2128  -5528   -896    236   -692
   4036   2324  -5316   -896    245   -544
   4064   2412  -5180   -848    218   -253
   4212   2676  -5212   -880    186   -189
   4260   2972  -5160   -896     26    -92
   4252   2876  -5136   -896   -227    -94
   4208   2992  -5104   -896   -448   -298
   4128   2872  -5224   -880   -765   -388
   4036   2784  -5196   -864   -918   -521
   3996   2616  -5132   -848   -994   -585
   3936   2164  -5316   -896   -961   -585
   3840   2132  -5136   -928   -845   -619
   4016   1800  -5404   -896   -688   -456
   3856   1900  -5316   -912   -464   -350
   3848   1772  -5196   -896   -169   -305
   3756   1860  -5292   -928    -22   -293
   3820   2240  -5220   -896     27   -347
   3936   2416  -5356   -912    131   -516
   4012   2428  -5196   -928     46   -666
   4136   2368  -5424   -880     42   -833
   4052   2420  -5308   -896     49   -976
   4132   2236  -5216   -896     50  -1023
   4104   2236  -5152   -912     81   -950
   4056   2116  -5396   -896    161   -872
   4008   2052  -5332   -880    274   -647
   4232   2244  -5120   -880    371   -403
   4148   2444  -5200   -912    386   -222
   4204   2616  -5148   -960    330    -68
   4128   2924  -5304   -944    208    -70
   4156   3084  -4996   -896    -65    -21
   4224   2944  -4996   -896   -319   -168
   4044   2944  -5184   -912   -528   -259
   4088   2808  -5136   -912   -740   -394
   3984   2592  -4972   -864   -890   -502
   3920   2268  -5068   -896   -894   -561
   3856   2184  -5228   -880   -878   -509
   3864   1984  -5228   -912   -627   -492
   3712   1980  -5060   -928   -446   -452
   3648   1844  -5412   -880   -323   -215
   3760   2036  -5280   -928   -209   -385
   3876   2244  -5288   -912   -179   -486
   3820   2340  -5196   -928   -117   -620
   3960   2428  -5068   -864   -137   -744
   4176   2400  -5240   -928   -191   -878
   4056   2332  -5076   -960   -171  -1082
   4168   2192  -5324   -912   -139  -1074
   4108   2196  -5128   -896    -55  -1010
   4104   1920  -5420   -912    133   -919
   4212   1884  -5512   -896    252   -624
   4324   2096  -5272   -960    338   -342
   4232   2440  -5208   -896    424   -200
   4228   2564  -5300   -848    374    -74
   4232   2688  -5028   -912    249     37
   4112   2880  -4996   -864     77     16
   4268   2872  -5148   -912   -153    -83
   4208   2984  -4812   -928   -340   -249
   3964   2632  -5200   -976   -570   -356
   3816   2516  -5100   -912   -690   -400
   3572   2232  -5124   -880   -634   -373
   3716   2296  -5140   -960   -647   -411
   3760   2012  -4932   -912   -536   -472
   3696   1948  -5172   -896   -320   -403
   3752   2136  -5060   -960   -259   -402
   3732   2244  -5200   -944   -213   -429
   3900   2508  -5320   -928   -231   -493
   3812   2560  -5376   -944   -221   -683
   4056   2436  -5304   -880   -289   -907
   4052   2520  -5212   -976   -376  -1045
   4148   2520  -5064   -928   -361  -1106