   7732   2020  -4904   -896     32   -852
   7680   1832  -4592   -864     19   -869
   7880   2012  -4736   -832    -48   -857
   7848   2024  -4744   -784   -141   -914
   7888   1896  -4580   -848   -211   -875
   7840   2128  -4692   -864   -126   -861
   7748   2148  -4688   -848   -111   -813
   7804   2120  -4556   -816    -98   -685
   7812   2248  -4676   -832   -164   -662
   7768   2012  -4652   -832   -130   -556
   7708   1856  -4844   -864   -100   -446
   7576   1732  -4600   -832    -87   -355
   7608   1780  -4632   -800    -98   -422
   7428   1888  -4712   -912   -169   -583
   7320   1940  -4944   -800   -220   -601
   7220   2096  -4828   -832   -171   -550
   7336   2064  -4816   -832     -1   -553
   7476   2048  -4820   -880     41   -458
   7616   1944  -4768   -864    -38   -494
   7784   1748  -4548   -816   -201   -515
   7632   1484  -4700   -832    211   -598
  13756   7728  -6608   -880   2068  -2646
   6552  -1576  -5172   -816   2579   1545
   7256   -236  -3780   -864   2814   2418
   5876    888  -4560   -848   3700   -645
   7820   1840  -4964   -848   2279    760
   6564   1832  -5220   -864    979   1452
   7684   3756  -4344   -864   1532  -2042
   7228   1816  -4092   -848  -1164    130
   7588   2336  -3464   -864  -2071  -2500
   7216   1292  -4924   -864  -2044  -3758
   7536   1420  -5004   -896  -2896  -1272
   6536     88  -4996   -880   -297  -2144
   7800     20  -5336   -848   1670   -940
   7568    124  -4784   -880   1526   1476
   6872   1012  -4924   -912   2938   -509
   7636   2116  -4748   -832   1928    891
   7440   3148  -4580   -864   1108   1231
   7892   3316  -4564   -880   1469   -763
   8184   3908  -4292   -864  -1594    822
   7516   3068  -4016   -880  -3286   -950
   7564   2256  -4288   -880  -3705  -2548
   7436   1488  -5024   -864  -5061   -500
   6592    212  -5368   -832  -2869  -1483
   7116   -664  -5308   -880  -1201   -630
   6668  -1228  -4788   -864   -930   1208
   6352  -1220  -5032   -864   1525   -774
   7076    220  -4904   -880   1914    538
   6440   1096  -4892   -880   2238   1199
   7120   1960  -4512   -896   3622   -661
   8000   2672  -4380   -864   1605    485
   7248   2760  -4344   -864     -3   -907
   7884   2792  -4424   -912   -725  -2845
   7332   2204  -4628   -864  -2674  -1181
   6796   1068  -4872   -880  -1540  -2352
   7636    464  -4784   -896   -683  -1999
   7064   -252  -4924   -896   -947   -146
   6968   -468  -4888   -864   1080  -1678
   7636    632  -5044   -912   1667   -104
   7136   1264  -5144   -896   2329   1344
   7472   2244  -4632   -912   3775     93
   7952   3220  -4356   -912   1870   1512
   7520   3068  -4072   -912    287    320
   8040   3764  -4172   -864   -977  -1327
   7668   3464  -4740   -944  -3428     41
   6980   2332  -5004   -896  -3089  -1232
   7148   1332  -4884   -864  -3100  -1133
   6896     44  -4748   -896  -3818    266
   6316   -776  -5000   -912  -1933  -1593
   6648   -624  -5132   -864  -1050   -278
   6156   -412  -5020   -928    249    780
   6712    224  -5152   -848   2829   -444
   7048   1076  -4708   -928   2247   1067
   6904   1524  -4432   -896   1833    -95
   7560   2460  -4404   -896   1364  -1679
   7596   2856  -4492   -976   -757   -451
   7192   2336  -4800   -896   -636  -1929
   7888   2040  -4628   -848  -1152  -2089
   7292    768  -4528   -960  -2409  -1030
   6984   -136  -4680   -880  -1244  -2756
   7600    -28  -5040   -896   -823  -1408
   7144   -292  -5048   -912    455    -57
   7604    256  -4916   -912   3005   -662
   7876   1092  -4588   -896   2681   1460
   7328   1608  -4480   -896   2715    824
   7892   2772  -4376   -912   2286   -158
   7596   3576  -4628   -880    111   1215
   7428   3460  -4528   -928   -247   -284
   7908   3380  -4524   -928  -1529   -406
   7128   2288  -4340   -944  -3556    219
   6684   1240  -4564   -912  -3118  -1707
   7104    688  -4912   -960  -3411   -706
   6212   -328  -5404   -880  -2301     24
   6528   -380  -5060   -912    238   -796
   6736   -216  -5060   -864    485    836
   6416    -92  -4472   -960   1374    156
   6976   1204  -4684   -928   2065   -891
   7040   2040  -4740   -896   1052    321
   6944   2268  -4552   -960   1256  -1095
   7876   2708  -4432   -944    313  -1354
   7496   2212  -4304   -928  -1667  -1007
   7388   1624  -4592   -928  -1742  -2921
   7748   1012  -4696   -912  -2430  -2206
   7104    244  -4976   -896  -1859  -1532
   7576   -276  -5012   -944    216  -2061
   7660   -388  -4920   -896    523    -11
   7144   -288  -5004   -912   1779   -112
   7676   1012  -4780   -944   2729   -207
   7688   1828  -4788   -928   2137   1435
   7592   2636  -4340   -976   2588    523
   8124   3268  -4380   -928   1440    572
   7600   3300  -4316   -944   -737    872
   7560   2884  -4376   -912  -1548   -920
   7476   2464  -4680   -928  -2970   -405
   6748   1440  -4908   -896  -3103   -259
   6720    560  -5028   -912  -1951   -865
   6680   -112  -4968   -928  -1798    381
   6240   -532  -4980   -928   -536   -155
   6616     60  -4972   -944    744   -499
   6456    664  -4992   -896    997    751
   6336   1312  -4684   -912   2193   -239
   7020   2140  -4544   -912   1863   -291
   7108   2220  -4392   -928    333   -262
   7528   2480  -4136   -944   -237  -2113
   7548   2552  -4556   -960  -1708  -1824
   7064   1728  -4728   -928  -2248  -1857
   7440   1088  -4760   -912  -1653  -2578
   7580    108  -4904   -944  -1869  -1454
   7192   -520  -4808   -928   -896  -1701
   7784   -112  -4868   -928    274  -1448
   7584    196  -5228   -944   1070    164
   7404    680  -4984   -960   2745     34
   7916   1696  -4832   -896   2829    746
   7680   2164  -4636   -912   1860   1291
   7860   2844  -4424   -960   1087    -73
   8148   3288  -4412   -928   -602    323
   7528   2920  -4700   -928  -1546     81
   7340   2208  -4664   -992  -1754   -612
   7148   1356  -5008   -896  -2664    120
   6732    436  -4748   -912  -2269   -514
   6780    -12  -5196   -928  -1373   -610
   6444    -64  -5016   -944   -578    546
   6196     -4  -5100   -928   1222     54
   6704    800  -4840   -944   1827    446
   6608   1068  -4716   -928   1627    511
   6872   1920  -4544   -960   1632   -833
   7376   2600  -4616   -976    370   -713
   7136   2592  -4712   -896   -503  -1144
   7500   2524  -4516   -880   -899  -2025
   7376   1772  -4588   -944  -2161  -1617
   7256    924  -4648   -960  -2367  -2216
   7432    396  -4732   -912  -1973  -2460
   7368    -12  -5216   -928  -1409  -1348
   7400   -336  -4936   -976    279  -1147
   7616    -80  -4836   -912   1432   -368
   7504    504  -4568   -928   1804    395
   7740   1300  -4608   -928   2250    -33
   8020   2356  -4512  -1008   1544    471
   7756   2520  -4556   -960    780    492
   7884   2852  -4308   -912    133    -94
   7872   2592  -4576   -912  -1434    137
   7284   1872  -4536   -928  -2190   -465
   7204   1408  -4776   -944  -2313   -810
   6936    488  -5360   -944  -2290    -10
   6692      0  -5128   -928   -827   -189
   6592   -188  -5128   -944    191    313
   6508   -200  -4760   -928    844    703
   6536    512  -4692   -944   1757     60
   6680   1304  -4708   -976   1747    346
   6644   1940  -4688   -992   1463     97
   7208   2420  -4508   -960   1189   -750
   7264   2592  -4316   -960   -327   -737
   7188   2280  -4504   -928  -1324  -1650
   7192   1932  -4672   -928  -1946  -2254
   7144   1288  -4644   -976  -2445  -1778
   7020    456  -4968   -960  -1677  -2044
   7072    -24  -4712   -928   -882  -1618
   7288   -236  -4884   -976   -263   -872
   7256    144  -4760   -960    919   -981
   7620    848  -4832   -944   1494   -142
   7532   1412  -4776   -976   1796    329
   7880   2064  -4744   -960   1860     -4
   8096   2580  -4504   -976    612    387
   7888   2476  -4484   -944   -501   -240
   7872   2560  -4480   -960  -1465   -729
   7452   2020  -4396   -976  -2319   -328
   7124   1188  -4812   -960  -2043   -641
   7072    420  -4912   -960  -1749   -282
   6828   -156  -4848   -944  -1219    146
   6856   -332  -5016   -944     62   -163
   6864    100  -4956   -928    853    494
   6540    568  -5188   -976   1701    705
   6612   1264  -4724  -1008   2309    303
   7176   1960  -4484   -960   1615    376
   6940   2212  -4484   -976    820   -464
   7112   2600  -4468   -960   -110  -1146
   7128   2436  -4772   -992  -1220  -1083
   6924   1856  -4684   -976  -1457  -1778
   7148   1240  -4688   -928  -1751  -1715
   7088    672  -4624   -960  -1861  -1533
   6908    116  -4824   -928   -945  -1899
   7252    296  -4932   -928   -268  -1154
   7172    212  -5276   -912    947   -303
   7412    888  -4948   -944   1814   -457
   7460   1552  -4792   -960   1562    242
   7672   1984  -4580   -960   1173    -61
   8008   2496  -4408   -944    407   -409
   7784   2592  -4376   -960   -818   -136
   7712   2412  -4584   -976  -1281   -653
   7616   1884  -4572   -960  -2031   -648
   7284   1060  -4856   -960  -2506   -482
   7020    412  -4856   -976  -1935   -884
   7064     52  -5116   -960  -1288   -159
   6804   -280  -5076   -992    -44    267
   6748   -144  -5076   -944   1267    298
   6808    432  -4992   -960   1594    863
   6776   1140  -4788   -976   1905    383
   7020   1948  -4676   -944   1641    -29
   6972   2272  -4556   -960    788     39
   7080   2508  -4524   -960    283   -776
   7248   2304  -4568   -960   -686  -1031
   7012   1756  -4616   -976  -1598  -1267
   6936   1180  -4716   -912  -1590  -1962
   6880    684  -4836   -960  -1587  -1518
   6808    216  -5028   -928   -798  -1275
   6948    200  -5008   -976    367  -1151
   7048    468  -4680   -960    802   -341
   7204    872  -4768   -960   1445   -449
   7504   1732  -4620   -976   1540   -333
   7592   2284  -4512   -960    972    133
   7788   2516  -4552   -976    590   -456
   8012   2684  -4420   -976   -566   -452
   7612   2276  -4332   -960  -1766   -542
   7524   1672  -4508  -1008  -2183  -1205
   7404   1184  -4840   -976  -2533   -701
   6996    440  -4904   -944  -1970   -536
   7116   -144  -4932   -992  -1002   -437
   6836   -320  -4892   -960   -342    282
   6728   -132  -5012  -1008    720    189
   6864    384  -4852   -992   1441    313
   7068   1068  -4796   -960   1571    713
   7024   1712  -4616   -944   1777     84
   7288   2160  -4496   -992    976    -30
   7212   2164  -4552  -1008    -48   -450
   7236   2180  -4408   -944   -676  -1319
   7092   1856  -4500   -960  -1398  -1205
   6936   1172  -4760  -1008  -1369  -1370
   7000    616  -4984   -992   -959  -1494
   7076    152  -4940   -960   -703   -978
   6852     92  -4928   -944    264  -1092
   7216    576  -4848   -928   1005   -665
   7104   1020  -4960   -960   1436    -40
   7208   1644  -4900  -1008   1812   -243
   7624   2236  -4540   -992   1182    -29
   7616   2496  -4476   -992    226   -253
   7892   2688  -4580   -992   -663   -799
   7740   2468  -4584  -1040  -1743   -593
   7460   1868  -4820   -992  -2203   -861
   7196   1248  -4604   -992  -2180   -963
   7148    464  -4884   -976  -2193   -438
   7120     24  -4876   -960  -1345   -553
   7048    -56  -4864   -976   -414   -157
   6892     40  -4940   -976    450    407
   6852    548  -4596   -976   1457    275
   7052   1136  -4540   -992   1511    466
   6952   1536  -4588   -992   1222    172
   7156   1920  -4540  -1008    801   -462
   7168   2208  -4704   -992   -122   -513
   6980   2000  -4596   -992   -627   -939
   7376   1520  -4752   -976   -973  -1241
   7012   1020  -4692   -976  -1357  -1168
   7032    108  -4748   -976   -980  -1529
   6892    248  -4916  -1008   -436  -1226
   6832     52  -4908   -992    590   -702
   7096    592  -5052   -992   1376   -569
   7352   1068  -4760   -976   1734    -68
   7276   1604  -4580   -960   1610     14
   7296   2040  -4448  -1024   1244   -325
   7752   2668  -4572   -976    316   -165
   7464   2680  -4488   -992   -503   -470
   7512   2488  -4632   -992  -1330   -767
   7328   1916  -4588   -944  -2240   -650
   7144   1316  -4828  -1008  -2532   -975
   7116    776  -4864   -992  -2100   -775
   7020    148  -5012   -976  -1439   -285
   6864    -72  -5000   -960   -304   -228
   7012     92  -4936   -976    425    226
   6944    404  -4780   -976    929    294
   6972   1044  -4680   -928   1224      4
   7096   1576  -4536   -960    909    116
   7092   1840  -4692   -960    541   -268
   7340   1876  -4532   -976    -39   -716
   7248   1800  -4636  -1008   -926   -845
   7180   1232  -4684   -992  -1293  -1408
   6996    936  -4560  -1008  -1336  -1455
   7048    428  -4752   -992  -1009  -1189
   6968     88  -4880   -992   -112  -1117
   7068    124  -4852  -1040    555   -652
   6860    312  -4864  -1024   1244   -423
   7232    952  -4816   -992   1777   -330
   7352   1620  -4660   -976   1656     98
   7448   2144  -5008   -976   1386    -50
   7656   2612  -4600  -1024    650   -253
   7604   2588  -4488   -960   -543   -304
   7416   2264  -4680  -1008  -1369   -782
   7492   1980  -4568   -992  -2040   -808
   7236   1312  -4796   -992  -2233   -642
   7048    756  -4980  -1024  -1724   -704
   6884    128  -4948   -960  -1313   -266
   6732     -8  -4916  -1008   -526   -111
   6900    164  -4996  -1024    331    -50
   6964    456  -4836   -992    751    346
   6820   1140  -4824   -976   1147    131
   7172   1584  -4528  -1024    973   -108
   7196   1824  -4696   -992    177   -248
   7204   1912  -4380  -1008   -381   -911
   7348   1796  -4580   -960  -1022  -1087
   7116   1308  -4912   -976  -1398  -1187
   7128    680  -4724  -1024  -1190  -1472
   7120    520  -4816  -1056  -1019  -1222
   7132    -28  -5000   -976   -332  -1103
   7176     56  -5280   -992    547   -927
   7164    480  -4928   -992   1215   -278
   7208    880  -4832  -1024   1856   -134
   7428   1508  -4736   -992   1876     -8
   7532   2016  -4716   -976   1297     93
   7536   2388  -4572   -992    583   -331
   7756   2588  -4608  -1008   -374   -355
   7496   2336  -4604   -976  -1151   -438
   7380   1812  -4780  -1040  -1593   -748
   7244   1276  -4712   -992  -1949   -579
   6884    404  -4912  -1008  -1738   -548
   6956    300  -5096  -1024  -1119   -428
   6832    268  -4968  -1024   -429     63
   6916    356  -4900  -1008    428     94
   6732    676  -5048  -1008    936    204
   6892   1176  -4776   -992    855    173
   7132   1564  -4488  -1040    684   -259
   7168   1900  -4604  -1040     44   -448
   7252   1988  -4712   -960   -548   -748
   7340   1852  -4540  -1024   -987  -1202
   6968   1228  -4708  -1040  -1539  -1253
   7068    740  -4788   -992  -1529  -1458
   7104    416  -4836   -992  -1089  -1522
   6992   -216  -5164  -1040   -450  -1035
   7204     56  -4936  -1024    550   -829
   7240    172  -4948  -1056   1255   -484
   7404    660  -4624  -1008   1586   -110
   7356   1404  -4612  -1024   1700   -183
   7528   1984  -4660   -992   1270    -83
   7648   2396  -4580   -976    612   -137
   7600   2416  -4672  -1024   -117   -411
   7584   2184  -4548   -976  -1069   -441
   7272   1696  -4712  -1024  -1615   -666
   7224   1304  -4760  -1024  -1704   -748
   7084    624  -5044  -1008  -1587   -252
   6972    264  -5008  -1024   -797   -236
   6988    296  -5036   -960    -85    -19
   6704    340  -4756   -992    419    263
   6852    904  -4756  -1040    907     68
   6872   1240  -4640   -992    886    165
   7072   1748  -4704   -992    612    -31
   7136   1852  -4448  -1008    165   -492
   7412   1948  -4692   -992   -659   -707
   7172   1660  -4532  -1040  -1317  -1173
   7132   1316  -4696   -992  -1563  -1486
   7008    780  -4800  -1024  -1634  -1344
   6940    256  -4900  -1040  -1088  -1397
   7040    108  -4808  -1024   -378  -1157
   7132     72  -4856  -1040    216   -793
   7264    212  -4828  -1072   1049   -715
   7420    784  -5052  -1056   1469   -313
   7492   1352  -4732   -992   1536    -50
   7624   1932  -4572  -1008   1327   -235
   7752   2240  -4612  -1024    507   -159
   7628   2284  -4380   -992   -308   -443
   7548   2088  -4868  -1040   -973   -665
   7368   1644  -4780  -1056  -1516   -499
   7280   1060  -4780  -1024  -1418   -603
   7144    828  -4976  -1040  -1223   -461
   7068    252  -4980  -1056   -762    -37
   6740    168  -4724  -1040     14    -49
   6904    560  -4864  -1024    574    318
   6756    940  -4868  -1040    984    411
   6900   1188  -4760  -1040   1146    103
   7084   1852  -4648  -1056    584     43
   7124   1824  -4664  -1008    -22   -424
   7120   2132  -4852  -1040   -651   -882
   7148   1712  -4656  -1008  -1284   -976
   6956   1244  -4788  -1040  -1494  -1337
   7012    700  -4772  -1024  -1558  -1415
   6980    276  -4848  -1024  -1243  -1419
   6916    128  -5024  -1072   -499  -1368
   7140    192  -4928  -1040    189   -856
   7196    496  -4880  -1040    904   -543
   7476    860  -4676  -1056   1455   -489
   7636   1380  -4676  -1008   1308   -183
   7544   1808  -4596  -1008    966   -318
   7516   2268  -4452   -992    401   -536
   7716   2388  -4708  -1008   -408   -368
   7548   1904  -4624  -1056   -922   -696
   7640   1564  -4632  -1008  -1355   -613
   7324   1020  -4852   -960  -1564   -512
   7284    512  -4888  -1024  -1108   -520
   6896    312  -4800  -1040   -622     26
   6832    364  -4880  -1072    134    247
   6788    572  -4800  -1040    804    253
   6884    888  -4728  -1024    999    492
   6992   1444  -4668  -1024   1030    166
   7164   1736  -4516  -1008    748    -51
   6916   2128  -4660  -1072     53   -147
   6976   1972  -4540   -976   -512   -727
   7024   1688  -4580  -1024  -1160   -888
   6760   1176  -4536   -992  -1583  -1153
   6928    924  -4852  -1040  -1460  -1478
   6860    496  -4740  -1040  -1220  -1189
   6856    240  -4884  -1024   -456  -1158
   7068    172  -4908  -1072    342  -1035
   7028    472  -4664   -992    734   -535
   7180    924  -5212  -1056   1162   -603
   7396   1488  -4564  -1072   1165   -460
   7488   1812  -4712  -1056    768   -291
   7716   2084  -4912  -1008    290   -563
   7704   2068  -4628  -1008   -480   -571
   7652   1848  -4720   -992  -1162   -677
   7404   1440  -4808  -1072  -1394   -888
   7380   1108  -4952   -960  -1501   -530
   7172    560  -4924  -1056  -1018   -456
   6728   -972  -4424  -1008   -347   -634
   6992    320  -4984  -1024     99    264
   7104    448  -4744   -992    764    246
   6864    944  -4952  -1040   1054    431
   6968   1280  -4736  -1056   1039    469
   7192   1708  -4728  -1040    878     25
   7076   1956  -4556  -1072    167   -104
   6904   1852  -4492  -1024   -513   -539
   7072   1768  -4864  -1072   -990   -995
   6848   1340  -5096   -992  -1393   -990
   6680    828  -4864   -992  -1250  -1219
   6924    468  -4664  -1056   -916  -1236
   6720    236  -4872  -1056   -489   -997
   6776    296  -4812  -1040    282   -977
   6920    524  -4904  -1056    769   -732
   7152   1052  -4900  -1024   1120   -481
   7304   1536  -4784   -976   1175   -550
   7568   1844  -4740  -1008    687   -456
   7588   2032  -4500  -1040     23   -656
   7768   2104  -4700   -992   -596   -830
   7428   1904  -4548  -1056  -1264   -719
   7580   1248  -4740  -1040  -1434   -857
   7492    944  -4732  -1024  -1449   -705
   7180    632  -4800  -1056  -1212   -421
   6956    308  -4844  -1040   -545   -279
   7044    224  -4976  -1024     87    101
   7056    388  -4660  -1088    707    404
   7084    768  -4860  -1072   1149    399
   7108   1300  -4696  -1024    972    455
   6928   1500  -4764  -1072    707    147
   7204   1980  -4832  -1008    190   -262
   6936   1748  -4556  -1056   -461   -380
   6940   1680  -4728  -1040   -852   -778
   6860   1208  -4816  -1056  -1144   -973
   6640    908  -4652  -1008  -1128  -1191
   6764    440  -4912  -1040   -775  -1185
   6980    344  -5056  -1024   -305   -988
   6956    448  -4796  -1072    342   -745
   6900    576  -5044  -1072    956   -746
   7076   1036  -4788  -1024   1081   -473
   7044   1492  -4728  -1040   1007   -534
   7532   1852  -4692  -1072    630   -652
   7564   2076  -4560   -992    -46   -632
   7512   2004  -4592  -1008   -615   -857
   7472   1744  -4456  -1056  -1226   -916
   7484   1428  -4864  -1056  -1597   -862
   7304    652  -4756  -1040  -1540   -871
   7372    564  -4884  -1024  -1243   -520
   7092    212  -4796  -1024   -626   -201
   7140    292  -4860  -1040    105    -71
   7036    372  -4704  -1040    529    364
   7256    800  -4888  -1056    898    315
   7136   1252  -4640  -1040    907    273
   7124   1580  -4488  -1024    611    191
   7052   1704  -4676  -1072    164   -166
   7020   1588  -4456  -1056   -431   -417
   6928   1472  -4704   -992   -903   -669
   6964   1112  -4704  -1024  -1081   -973
   6764    708  -4732  -1024   -959  -1165
   6712    324  -5076  -1056   -643   -940
   6668    180  -4960  -1072    -35   -964
   6816    408  -4656   -992    489   -685
   7032    588  -4836  -1056    956   -637
   7068   1144  -4972  -1072   1205   -519
   7152   1616  -4776  -1056   1040   -443
   7208   1896  -4652  -1120    691   -559
   7568   2180  -4652  -1072     13   -713
   7532   2156  -4500  -1024   -737   -817
   7436   1812  -4700  -1056  -1247  -1016
   7252   1440  -4768  -1072  -1554   -926
   7232    888  -4788  -1056  -1541   -762
   7076    632  -4988  -1072  -1173   -615
   7096    276  -5020  -1072   -733   -279
   7216    280  -4856  -1072    -82    -69
   7032    604  -4796  -1088    438    191
   7220    784  -4768  -1072    755    346
   7100   1224  -4680  -1072    770    250
   7340   1476  -4612  -1104    446     58
   7232   1772  -4648  -1040    -63    -91
   7056   1632  -4560  -1056   -455   -535
   7016   1372  -4588  -1040   -888   -691
   6776    964  -4652  -1056  -1033   -833
   6716    572  -4720  -1056   -820   -969
   6864    388  -4840  -1072   -573   -837
   6840    280  -4804  -1024     20   -851
   7072    416  -5052  -1056    608   -669
   6976    604  -4940  -1040   1052   -510
   7180   1076  -4760  -1040   1322   -451
   7096   1508  -4680  -1024   1131   -450
   7372   1872  -4640  -1056    629   -507
   7404   2064  -4728  -1104     49   -751
   7276   2112  -4676  -1056   -672   -785
   7372   1724  -4780  -1088  -1147   -921
   7168   1404  -4596  -1040  -1446   -931
   7244   1000  -4920  -1056  -1539   -749
   7060    576  -5088  -1056  -1191   -650
   7148    316  -4852  -1088   -666   -325
   6996    556  -4620  -1024   -169     60
   7048    456  -4760  -1072    413     99
   7016    912  -4836  -1120    597    226
   7068   1200  -4584  -1088    521    156
   7296   1580  -4564  -1040    279    -88
   7120   1568  -4468  -1072   -221   -199
   7168   1616  -4696  -1040   -613   -458
   7064   1276  -4500  -1088   -882   -768
   6956    904  -4796  -1056  -1094   -846
   6832    540  -4692  -1104   -959   -979
   6760    168  -4812  -1072   -480   -928
   6884    264  -4912  -1104     61   -760
   6952    160  -4984  -1088    765   -656
   6920    676  -4920  -1056   1151   -478
   7124   1048  -4736  -1104   1273   -396
   7340   1504  -4696  -1072   1189   -521
   7420   2008  -4736  -1024    743   -464
   7340   2068  -4380  -1072    141   -642
   7408   2108  -4704  -1072   -465   -801
   7508   1712  -4584  -1056  -1098   -811
   7236   1464  -4732  -1104  -1390   -904
   7280   1028  -4812  -1120  -1361   -752
   7020    852  -4816  -1056  -1067   -603
   7108    512  -4992  -1072   -568   -308
   7044    580  -4968  -1056   -150    -31
   6912    560  -4820  -1088    263    115
   6988    952  -5164  -1072    507    106
   7040   1308  -4680  -1024    388    131
   7100   1512  -4648  -1072    150    -77
   7148   1492  -4752  -1088   -305   -293
   7040   1440  -4496  -1040   -830   -574
   6980   1176  -4816  -1104  -1061   -837
   6952    772  -4892  -1088  -1139   -945
   7000    624  -4744  -1104   -949   -994
   6916    232  -4952  -1024   -444   -925
   6956    156  -4984  -1024     77   -803
   6820    400  -5024  -1072    623   -624
   7064    792  -4920  -1104   1160   -561
   7228   1156  -4704  -1104   1296   -316
   7152   1472  -4792  -1072   1221   -405
   7236   1700  -4712  -1088    795   -504
   7440   1888  -4764  -1104    141   -546
   7252   1896  -4612  -1040   -443   -805
   7444   1652  -4892  -1088   -975   -830
   7144   1272  -4972  -1056  -1210   -766
   7236    984  -4784  -1088  -1181   -670
   7180    732  -4896  -1056   -810   -694
   7056    588  -4856  -1104   -515   -241
   6984    472  -5096  -1088     10    -50
   7076    780  -5136  -1120    338    210
   6824    996  -4628  -1072    516    157
   7152   1260  -4628  -1072    374     76
   6936   1532  -4604  -1088    -11   -140
   7064   1756  -4696  -1056   -453   -363
   7116   1524  -4716  -1136   -859   -663
   6932   1352  -4700  -1088  -1186   -777
   6908    840  -4680  -1072  -1185   -891