   3904   2920  -5272   -896     10    -72
   3840   3088  -5176   -896     39      6
   3812   3120  -5400   -832     -9     -9
   3824   2872  -5048   -912   -248     70
   3860   2856  -5176   -880   -236   -100
   3560   2628  -5260   -896   -225   -229
   3732   2852  -5256   -928   -275   -370
   3480   2812  -5280   -864   -317   -518
   3520   2884  -5464   -912   -302   -546
   3656   2924  -5060   -896   -235   -709
   3536   2908  -5200   -832   -139   -743
   3784   2908  -5252   -880   -162   -712
   3756   2892  -5144   -864   -114   -756
   3820   2996  -5248   -896   -177   -556
   4084   2896  -5192   -912   -129   -675
   3968   2996  -5064   -896   -153   -707
   3896   2860  -5120   -928   -144   -688
   3964   2840  -5220   -880   -309   -599
   3912   2984  -5240   -880   -462   -424
   3872   3088  -5264   -896   -443   -480
   3996   3236  -5216   -896   -299   -630
   3900   3100  -5272   -848   -450   -361
   3916   3200  -5120   -912   -578    -53
   3872   3360  -5008   -864   -521   -290
   3736   3124  -5176   -896   -498   -346
   3792   3464  -5360   -912   -443   -302
   3540   2884  -5164   -880   -309   -371
   3604   2836  -5032   -896   -183   -653
   3680   2800  -5232   -864   -241   -634
   3556   2896  -5392   -880   -367   -506
   3660   3220  -5220   -912   -183   -739
   3416   3072  -5240   -896   -260   -257
   3600   1172  -5592   -928      1   1219
   3436   -752  -5188   -880   1365    532
   2984  -1836  -5256   -912   2960  -1170
   2792   1720  -5840   -896   1602   1318
   2316   2976  -5652   -944   3149    731
   4292   4408  -5128   -912   3543  -2385
   3360   5420  -4748   -880   1568    699
   4020   3832  -4760   -880   1822  -3099
   4068   4396  -5004   -912   1131  -3412
   3900   2596  -5304   -912  -1473  -2209
   3596   2008  -5060   -912    461  -4502
   4232   1700  -5916   -896   -211  -1647
   3440    560  -5748   -912    122    603
   3856   1080  -4980   -912   2559    -92
   4388   2400  -6892   -912   -242   4493
   3492   3032  -4500   -896    188   2098
   3972   4548  -5296   -912    524   1005
   3832   5280  -5096   -912  -2012   3324
   3656   4844  -4164   -928  -1858     44
   4032   5004  -4476   -928  -3101   -892
   2912   3268  -4812   -928  -5069   -263
   2180   1680  -5400   -912  -3162  -2971
   2668    776  -5904   -896  -3437  -1321
   1568   -848  -5696   -928  -2479   -325
   2188  -1716  -5544   -928     29  -2126
   2412   -848  -5760   -880   -478    603
   1972   -348  -5920   -912   1069   -106
   1320   2060  -7784   -928   2476   -741
   3296   2664  -4876   -928   1686   1516
   3060   3384  -5072   -912   3176  -1466
   4544   4396  -4932   -928   2259  -1841
   4088   4040  -4616   -912    104  -1337
   4140   3356  -4888   -928    900  -4485
   4488   3268  -5300   -960    -73  -3067
   3756   1616  -5624   -960   -359  -1691
   4208   1220  -5304   -912   1529  -3174
   4504   1132  -5960   -928    129    547
   3688    932  -5468   -960    927    713
   4020   2624  -5728   -944   1974    992
   3716   3332  -5196   -944    466   4079
   3612   3964  -4864   -912   1078   2309
   4260   4920  -4692   -896   -388   1864
   3608   4880  -4844   -944  -2824   1930
   3176   4608  -4888   -912  -2412   -912
   3156   4308  -5100   -928  -3519   -302
   1956   2280  -5136   -960  -3702   -378
   2076   1060  -5364   -880  -2098  -2231
   2296    -64  -5876   -944  -2965   -421
   1628   -928  -5668   -928  -1717   -959
   2228   -360  -5908   -912    101  -1567
   2148    244  -5948   -976     64    851
   2216   1044  -5376   -944   1928   -559
   3460   2540  -5144   -960   2144  -1015
   3448   3028  -5084   -960    760   -355
   3668   3748  -4988   -928   1783  -2958
   4444   4068  -4924   -912    794  -2769
   3956   3252  -4948   -928     -6  -2517
   4404   2596  -5088   -896    712  -4240
   4616   1964  -5244   -976   -708  -2322
   4200    924  -5396   -960    -32  -2199
   4704   1176  -5748   -928   1377  -1696
   4388   1364  -5900   -944    780   1702
   4060   1788  -5436   -976   2026   1439
   4556   2976  -5160   -960   1671   2273
   3924   3736  -5052   -976    -24   3594
   3780   4592  -4704  -1008    314   1514
   4092   5020  -4664   -960  -1191   1869
   3304   4480  -4896   -928  -2287   1544
   2812   3532  -4952   -976  -1972   -741
   2812   2832  -5168   -928  -3366     13
   1820   1404  -5676   -960  -2904   -608
   2052    540  -5496   -960  -1521  -1476
   1916     96  -5684   -960  -1690    192
   1532   -232  -5608   -992    -33   -612
   2244    464  -5336   -960    585   -674
   2048   1332  -5404   -960    265    163
   2380   2400  -5420   -976   1614  -1600
   3544   3568  -5124   -960   1141  -1404
   3472   3460  -5036   -928    588  -1573
   4040   3692  -4668   -928   1043  -3667
   4300   3284  -4944   -976   -447  -2996
   3988   2332  -5240   -928   -686  -3698
   4348   1964  -5372   -992   -131  -4018
   4544   1356  -5612   -976   -506  -1739
   4360    812  -5616   -944    850  -1500
   4604    848  -5276   -976   1371     31
   4428   1500  -5172   -960    752   2058
   4296   2720  -5240   -960   1497   1564
   4660   3900  -5296   -960    635   2745
   4064   4364  -4780   -976    -34   2849
   3996   4500  -4936   -960   -162   1345
   3880   4324  -4600   -928  -1960   1482
   2848   3380  -5244   -944  -2269    489
   2672   2620  -5332   -944  -2029   -676
   2292   1808  -5328   -928  -2460    413
   1724    584  -5288   -976  -1129   -579
   1980    284  -5668   -976   -576   -382
   1848     36  -5600   -976   -584    454
   1684    556  -5624   -960    738   -717
   2212   1792  -5424   -960    909   -233
   2368   2476  -5296   -944    986   -266
   2996   3216  -5284   -944   1594  -1947
   3496   3824  -4736   -960    341  -1767
   3660   3616  -4824   -992    -35  -2981
   3932   3324  -4996   -976    -43  -4003
   4128   2452  -5132   -992   -953  -2998
   4064   1836  -5472   -928   -415  -3777
   4500   1260  -5408   -944   -353  -2924
   4464    980  -5452   -960   -451  -1306
   4440   1412  -5372   -976    807  -1129
   5480   3260  -1988   -960   2334   2847
   3896   1828  -6156   -960    716   1447
   4696   3144  -4544   -944   1006   1897
   4752   4000  -4992  -1008   -474   2458
   4084   4232  -4880   -960   -808   1512
   4000   4256  -4948   -944  -1167    764
   3164   3664  -5208   -944  -2145   1412
   2528   2356  -5348   -992  -1587   -194
   2680   1608  -5260   -960  -1637    -36
   1936    656  -5652  -1008  -1667    238
   1832    140  -5644   -976   -175   -418
   2212    344  -5668   -976    148    446
   1624    616  -5440   -944    724    571
   2076   1568  -5312   -944   1621   -433
   2632   2568  -5028   -976    962   -164
   2556   3244  -5060   -976   1047  -1364
   3300   3968  -4996   -992    966  -2202
   3540   3912  -4880   -960     54  -2134
   3552   3176  -4976  -1008     76  -3436
   4056   3008  -5104   -960   -575  -3415
   4064   1820  -5284   -944  -1233  -3078
   3948   1560  -5372   -960   -426  -3441
   4408   1388  -5792   -960   -562  -1584
   4268   1072  -5536   -976    233   -722
   4464   1416  -5416   -976    962     50
   4484   2324  -5188   -960     85   1798
   4280   2952  -5144   -976    261   1322
   4684   3916  -5048   -976   -195   1375
   4096   4060  -4836   -992  -1173   1806
   3988   3884  -5044   -944  -1047    481
   3852   3328  -4900   -944  -1963    464
   2996   2340  -5212   -960  -2234    251
   2752   1488  -5632   -928  -1370   -685
   2352    796  -5620  -1008  -1346    480
   1912    172  -5664  -1024   -215    278
   2228    392  -5592   -928    664    112
   1996    684  -5496   -976    611    907
   2148   1460  -5440   -976   1409    -47
   2548   2620  -5160   -992   1559   -327
   2860   3168  -5232   -976   1076   -385
   3104   3592  -4876   -976   1339  -1798
   3568   3684  -5080   -992    476  -2125
   3492   3516  -4904   -992   -229  -2667
   3632   2884  -5044   -976   -241  -3643
   3688   2516  -5344   -960   -890  -2815
   3748   1708  -5480  -1008   -368  -2662
   4044   1396  -5300   -976    -51  -2083
   4112   1428  -5432   -960   -337   -459
   3924   1524  -5372   -976    366   -309
   4432   2640  -5236   -976    241    876
   4180   3236  -5184   -960   -152   1608
   4328   3452  -5016  -1008    -57    728
   4264   3916  -5020   -976  -1312   1273
   3852   3716  -4804   -992  -1796    602
   3812   3132  -5156  -1008  -1814   -268
   3160   2564  -5352   -976  -2347    400
   2832   1536  -5340   -992  -1632   -251
   2628    612  -5504   -992  -1012   -216
   2464    144  -5440   -944   -827    520
   2400    192  -5512  -1024    348     14
   2240    796  -5680  -1008    817    554
   2240   1412  -5572   -976   1229    679
   2688   2252  -5216  -1056   1927   -244
   2984   3176  -5044   -976   1340   -248
   2892   3428  -4936  -1008   1037  -1211
   3372   3824  -5060   -960    859  -2276
   3432   3236  -5224  -1040     61  -2166
   3452   2768  -5220  -1008     43  -2872
   3752   2372  -5220   -992   -190  -2869
   3728   1672  -5268  -1008   -530  -2223
   3932   1536  -5352  -1056    -64  -2215
   4036   1740  -5632   -992     48   -847
   4096   2116  -5544  -1024    314    265
   4088   2428  -5364   -976    573    417
   4152   3172  -5216   -976   -138   1339
   4220   3600  -4728  -1024   -731    919
   4180   3944  -5224  -1040  -1073    478
   3960   3844  -4920  -1056  -1900    568
   3580   3140  -4820  -1056  -1942   -134
   3400   2276  -5124  -1008  -2203   -350
   2848   1412  -5280   -992  -2258   -241
   2744    896  -5492  -1024  -1437   -549
   2512    388  -5720   -992   -818     94
   2264    124  -5732   -976      1    408
   2316    560  -5432  -1024    929    309
   2544   1360  -5388   -992    984    579
   2564   2100  -5368   -976   1341    -29
   2980   2916  -5064   -976   1475   -614
   3168   3292  -5148  -1024   1083   -833
   3332   3396  -4916   -976   1017  -1852
   3600   3188  -4944   -976    492  -2273
   3652   2692  -5144   -992    -38  -2517
   3740   2312  -5064  -1008     25  -2872
   3752   1924  -5316  -1008      0  -2222
   3712   1556  -5532   -976    180  -1485
   4004   1648  -5408  -1040    638   -890
   4052   2080  -5456  -1008    379    263
   4008   2628  -5260  -1008    354    713
   4192   3360  -5048   -960    124    735
   4216   3764  -5204  -1008   -679   1244
   4084   3892  -4924   -976   -995    524
   4172   3896  -5084  -1040  -1676    181
   3672   3152  -5140  -1024  -2349     10
   3192   2440  -5272  -1024  -2311   -639
   2856   1664  -5176  -1008  -2198   -401
   2620    880  -5584  -1056  -1717   -214
   2364    308  -5488  -1024   -729   -232
   2600    256  -5432   -992   -398    292
   2504    580  -5212  -1008    295    198
   2516   1312  -5396  -1024    863     63
   2772   2036  -5140  -1056   1015    173
   2948   2644  -5028  -1040   1341   -576
   3268   3128  -4912  -1024   1124  -1036
   3540   3116  -4940  -1008    570  -1569
   3708   3068  -5360  -1008    477  -2420
   3568   2728  -5196  -1024    174  -2472
   3664   2104  -5300  -1056    150  -2320
   3664   1736  -5428  -1024    429  -2197
   3952   1560  -5564  -1008    380  -1317
   3884   1700  -5580  -1024    631   -723
   3956   2188  -5496  -1024    808     41
   3912   2780  -5144  -1040    573    997
   4144   3284  -5016  -1024    409    935
   4284   3832  -4972  -1040   -247    982
   3952   4072  -4908  -1024  -1099    755
   3828   3832  -4880  -1024  -1518     74
   3416   3392  -5136   -960  -2114    -21
   3284   2588  -5148  -1008  -2267   -274
   3032   1760  -5484  -1024  -2017   -675
   2716    996  -5332  -1008  -1877   -102
   2540    564  -5472   -976  -1182   -280
   2532    500  -5576   -960   -501   -103
   2368    832  -5660  -1008     -6    349
   2636   1132  -5596   -992    661    -10
   2824   2008  -5396  -1024    859   -119
   2836   2556  -5220  -1008    738   -558
   3312   2992  -5100  -1056    813  -1418
   3428   3068  -5264   -992    468  -1735
   3492   2728  -5072   -992    333  -2169
   3616   2488  -5052  -1040    313  -2583
   3712   1964  -5132   -992     39  -2285
   3820   1556  -5248  -1008    251  -2112
   3984   1500  -5240  -1056    609  -1507
   4056   1836  -5436  -1024    727   -388
   3880   2092  -5448   -976   1115    174
   4152   2588  -5168  -1024    849    791
   4136   3208  -5140  -1024    373   1173
   4112   3676  -5128  -1040    -14    823
   3972   4128  -4872  -1024   -752    847
   3868   3872  -4984  -1040  -1310    465
   3408   3228  -5188   -992  -1699   -138
   3092   2768  -5228  -1024  -2161   -170
   2664   1804  -5300  -1008  -2029   -412
   2728   1364  -5424  -1056  -1622   -410
   2396    644  -5440   -992  -1192     -9
   2292    596  -5484   -992   -460    -28
   2488    892  -5396  -1040    -97    143
   2564   1372  -5176  -1056    183     59
   2784   2060  -5328  -1072    611   -514
   2960   2676  -5176  -1008    517   -681
   3272   2860  -5096  -1024    514  -1284
   3436   2932  -5096  -1040    397  -1996
   3492   2644  -5040  -1056    -73  -2231
   3552   2308  -5080  -1024    -46  -2685
   3732   1800  -5260  -1008     75  -2496
   3908   1552  -5328  -1072    165  -1892
   4016   1444  -5372  -1040    673  -1485
   4128   1476  -5352  -1040    811   -571
   4184   1884  -5400  -1040    834    249
   4168   2616  -5276  -1024    978    617
   4204   3284  -5092  -1104    555   1164
   3984   3684  -4996  -1008    160   1095
   4092   3912  -4984  -1056   -388    728
   3832   3744  -4988  -1040  -1218    629
   3468   3324  -5180   -992  -1570    -16
   3284   2648  -5348  -1024  -1730   -196
   2964   1940  -5248  -1040  -1746    -33
   2608   1264  -5440  -1024  -1277   -245
   2496   1056  -5412   -992   -976     25
   2392    888  -5484  -1088   -613    156
   2292   1088  -5332  -1056    -27    -42
   2556   1516  -5428  -1008    161     91
   2596   2048  -5292  -1088    432   -317
   2980   2700  -5112  -1008    507   -936
   3236   2888  -5188  -1008    115  -1304
   3248   2788  -5116  -1024     40  -2108
   3452   2668  -5376  -1040   -151  -2503
   3580   2240  -5204  -1024   -292  -2470
   3708   1828  -5204  -1056    -41  -2619
   3900   1500  -5460  -1072      3  -2067
   3984   1248  -5380  -1088    268  -1445
   4088   1504  -5596   -976    736   -869
   4224   2104  -5224  -1056    784    218
   4152   2448  -5396  -1024    940    683
   4212   3192  -5164  -1072    728    899
   4288   3616  -5112  -1024     66   1106
   4156   3864  -5180   -992   -366    639
   3964   3820  -5060   -992   -899    516
   3584   3236  -5132  -1104  -1350    341
   3096   2628  -5288  -1056  -1375   -153
   2936   1904  -5176  -1104  -1511     32
   2652   1280  -5468  -1072  -1258     16
   2492   1112  -5424  -1040   -678    -82
   2380    972  -5464  -1040   -427    381
   2356   1396  -5300  -1024    130    252
   2568   1848  -5352  -1040    378      8
   2780   2228  -5316  -1072    263   -185
   2932   2652  -5088  -1040    354   -951
   3068   3044  -5184  -1024    132  -1435
   3180   3020  -5060  -1072   -155  -1808
   3468   2588  -5020  -1056   -190  -2541
   3648   2300  -5144   -992   -485  -2532
   3636   1848  -5404  -1040   -351  -2551
   3824   1632  -5328  -1024    -65  -2328
   3908   1300  -5472  -1104    102  -1363
   3932   1436  -5376  -1056    602   -860
   4104   1980  -5192  -1104    765   -104
   4280   2352  -5224  -1024    594    541
   4320   3024  -5152  -1056    533    600
   4408   3504  -5008  -1088     28    892
   4196   3580  -5180  -1072   -392    749
   4068   3464  -5000  -1040   -768    355
   3752   2996  -4984  -1040  -1295    345
   3232   2584  -5336  -1072  -1330     74
   2980   1880  -5472  -1072  -1182    -89
   2740   1352  -5488  -1088  -1041    222
   2540   1116  -5460  -1072   -404    200
   2428   1020  -5584  -1056    -84    376
   2428   1248  -5276  -1040    117    496
   2488   1856  -5220  -1056    433     79
   2584   2504  -5020  -1088    433   -134
   2680   2848  -5172  -1072    390   -625
   2928   3072  -5192  -1056    278  -1394
   3260   3048  -4908  -1104   -151  -1787
   3256   2812  -5040  -1088   -365  -2369
   3396   2532  -5432  -1040   -393  -2674
   3512   1840  -5176  -1072   -512  -2381
   3688   1496  -5468  -1040   -113  -2301
   3904   1404  -5392  -1056     10  -1608
   3896   1564  -5520  -1072    256   -884
   3952   1964  -5508  -1024    502   -395
   4228   2524  -5296  -1056    470    381
   4084   2888  -5268  -1104    341    647
   4240   3452  -4940  -1056     32    595
   4204   3552  -4992  -1040   -604    561
   3888   3384  -4896  -1088   -894    164
   3752   3096  -4976  -1072  -1193     28
   3320   2420  -5168  -1088  -1334    115
   3124   1740  -5544  -1088  -1050    -89
   2872   1296  -5472  -1040   -854    209
   2560   1080  -5220  -1056   -498    337
   2504   1220  -5400  -1072     16    342
   2584   1348  -5340  -1072    285    607
   2600   1760  -5304  -1088    628    355
   2640   2436  -5040  -1088    712    -64
   3056   2760  -5072  -1088    421   -446
   2888   3028  -5188  -1088    277  -1227
   3116   3040  -5428  -1072    -15  -1715
   3188   2800  -5156  -1056   -261  -2128
   3316   2280  -5304  -1088   -289  -2481
   3476   1964  -5240  -1120   -431  -2375
   3548   1644  -5216  -1056   -265  -2206
   3700   1564  -5324  -1072    -17  -1732
   3976   1736  -5612  -1024    186   -908
   4040   2044  -5364  -1072    397   -376
   4220   2368  -5256  -1088    355     98
   4132   3056  -5236  -1088     76    376
   4232   3264  -5228  -1104   -197    311
   4348   3644  -5112  -1024   -707    276
   3924   3368  -5044  -1040  -1050    139
   3740   2908  -5000  -1056  -1269    -99
   3500   2328  -5188  -1056  -1401    -15
   3216   1760  -5364  -1024  -1197    -16
   2904   1256  -5360  -1072   -843     -2
   2784   1020  -5584  -1088   -464    448
   2524   1008  -5368  -1056     67    508
   2720   1360  -5436  -1088    422    588
   2688   1724  -5084  -1120    618    465
   2580   2336  -5292  -1104    682     11
   2780   2796  -4960  -1056    590   -386
   3096   2824  -4896  -1104    409   -926
   3128   2888  -5072  -1056    177  -1573
   3236   2760  -5212  -1136    -94  -1952
   3240   2376  -5240  -1088   -229  -2296
   3380   2008  -5216  -1056   -230  -2324
   3616   1696  -5472  -1088   -123  -2011
   3732   1560  -5304  -1088     87  -1550
   3696   1728  -5552  -1104    253   -964
   3920   2084  -5144  -1088    324   -428
   3964   2560  -5292  -1040    265    -26
   4020   2892  -5324  -1088     50    213
   4148   3292  -4916  -1104   -309    295
   4204   3520  -5024  -1088   -701    154
   4088   3268  -5120  -1104  -1183    -51
   3756   2840  -5152  -1088  -1459   -234
   3640   2232  -5100  -1088  -1525   -282
   3156   1756  -5440  -1088  -1317   -118
   3152   1144  -5292  -1088   -919     -1
   2916    940  -5460  -1104   -489    314
   2780   1040  -5588  -1136   -100    501
   2788   1320  -5244  -1088    303    521
   2768   1720  -5192  -1104    574    453
   2804   2156  -5400  -1088    695    123
   2928   2692  -5276  -1104    633   -312
   3140   3044  -5016  -1120    455   -886
   3172   2872  -5172  -1104    175  -1423
   3260   2772  -5028  -1056     40  -1860
   3368   2384  -5296  -1072    -81  -2086
   3244   1892  -5252  -1088    -70  -2092
   3568   1852  -5360  -1072     75  -1884
   3624   1784  -5576  -1088    159  -1422
   3668   1852  -5396  -1072    354   -931
   3900   2216  -5244  -1088    450   -399
   3860   2572  -5300  -1136    340     66
   4136   3120  -5228  -1120     89    138
   3984   3428  -5040  -1088   -384    161
   4148   3368  -5032  -1136   -850     24
   3936   3384  -5048  -1056  -1218   -181
   3872   2772  -4960  -1104  -1540   -292
   3564   2388  -5252  -1120  -1561   -342
   3276   1748  -5460  -1088  -1425   -341
   3092   1296  -5452  -1104  -1099     12
   2900   1024  -5524  -1136   -690    172
   2876    992  -5520  -1136   -229    392
   2840   1400  -5284  -1104    186    535
   2688   1784  -5364  -1104    508    332
   2820   2192  -5136  -1120    551    104
   3084   2456  -5044  -1136    526   -334
   3048   2836  -5092  -1056    433   -869
   3328   2844  -5260  -1104    253  -1304
   3092   2572  -5160  -1088    126  -1750
   3308   2232  -5188  -1072     73  -1999
   3512   1956  -5180  -1120     35  -2011
   3512   1888  -5652  -1104    217  -1826
   3584   1812  -5432  -1072    381  -1303
   3760   1972  -5364  -1072    537   -755
   3960   2224  -5252  -1104    628   -319
   4008   2696  -5048  -1104    416     26
   3888   3264  -5064  -1072     91    122
   4056   3468  -5100  -1088   -269    160
   3996   3532  -5088  -1136   -793    -17
   3708   3392  -5060  -1152  -1154   -190
   3636   2956  -5108  -1104  -1498   -315
   3444   2380  -5248  -1120  -1636   -406
   3236   1700  -5404  -1104  -1510   -363
   3124   1376  -5396  -1104  -1150   -121
   2880   1128  -5436  -1136   -770    148
   2908    980  -5460  -1120   -331    316
   2812   1320  -5412  -1104      9    421
   2888   1752  -5404  -1120    241    259
   2860   2108  -5328  -1120    408    -15
   3096   2468  -5152  -1136    375   -373
   3188   2684  -5004  -1104    359   -863
   3252   2632  -5072  -1088    156  -1347
   3284   2540  -5256  -1104     63  -1719
   3220   2200  -5332  -1040    118  -1993
   3420   1872  -5344  -1088    131  -1934
   3436   1796  -5432  -1104    324  -1655
   3552   1660  -5332  -1072    582  -1233
   3660   1948  -5320  -1072    641   -772
   3812   2340  -5348  -1088    661   -249
   3960   2784  -5364  -1136    572     58
   3896   3312  -5136  -1120    281    253
   3904   3604  -5232  -1072   -140    170
   4036   3600  -4784  -1088   -669    -28
   3836   3332  -4992  -1104  -1128   -183
   3736   2852  -5236  -1088  -1434   -351
   3528   2216  -5412  -1072  -1542   -397
   3360   1916  -5264  -1120  -1467   -238
   3172   1416  -5648  -1120  -1163   -103
   2904   1228  -5428  -1088   -857    120
   2936   1228  -5404  -1120   -471    290
   2780   1424  -5332  -1088   -147    304
   2852   1976  -5324  -1136    137    137
   2880   2188  -5516  -1088    219    -90
   3060   2276  -5032  -1104    205   -497
   3132   2624  -5332  -1120    117   -960
   3288   2680  -5388  -1088     59  -1423
   3224   2312  -5164  -1104     -2  -1777
   3288   2060  -5456  -1072     47  -1917
   3476   1684  -5404  -1120    156  -1926
   3412   1648  -5164  -1040    289  -1624
   3572   1560  -5604  -1120    556  -1228
   3508   1788  -5408  -1104    734   -716
   3920   2260  -5168  -1120    806   -197
   3844   2628  -5344  -1072    655     62
   4128   3136  -5112  -1152    369    257
   4036   3580  -5028  -1104    -80    172
   3960   3492  -4984  -1120   -505     32
   3868   3424  -5232  -1184   -934    -85
   3788   2868  -5012  -1152  -1255   -263
   3456   2556  -5472  -1136  -1360   -332
   3128   2028  -5236  -1104  -1366   -211
   2924   1520  -5220  -1136  -1141   -117
   2908   1416  -5592  -1168   -748    124
   2760   1368  -5492  -1104   -501    302
   2744   1452  -5424  -1088   -171    267
   2816   1820  -5300  -1120    -29    175
   2928   2292  -5416  -1136      1   -160
   2952   2568  -5144  -1120     46   -553
   3076   2488  -5232  -1120    -55  -1027
   3260   2532  -5172  -1136    -80  -1487
   3304   2312  -5156  -1120   -129  -1831
   3256   1988  -5372  -1104   -129  -1941
   3468   1728  -5288  -1120     28  -1945
   3556   1652  -5528  -1056    285  -1624
   3592   1548  -5476  -1120    537  -1171
   3776   1880  -5328  -1136    755   -698
   3764   2172  -5364  -1152    785   -235
   5492   2848  -3580  -1104   -538  -2318
   3848   3128  -5656  -1136    813    577
   4148   3284  -4796  -1120      2     22
   3872   3488  -5184  -1136   -368    187
   3920   3328  -5012  -1152   -768    -50
   3604   2988  -5108  -1088  -1145   -237
   3384   2528  -5316  -1104  -1211   -297
   3220   1920  -5444  -1072  -1140   -151
   3036   1560  -5268  -1104   -956     39
   2932   1252  -5448  -1120   -691    180
   2836   1524  -5296  -1136   -431    327
   2808   1736  -5456  -1136   -187    290
   2888   1944  -5256  -1136    -86    146
   3048   2368  -5220  -1152    -22   -168
   2936   2604  -5052  -1168    -54   -594
   3096   2604  -5352  -1152   -138  -1061
   3296   2576  -5204  -1104   -298  -1503
   3216   2344  -5236  -1152   -312  -1865
   3464   1884  -5176  -1104   -242  -1988
   3264   1640  -5376  -1136    -67  -1879
   3352   1608  -5456  -1120    180  -1673
   3580   1444  -5340  -1136    412  -1225
   3692   1764  -5500  -1072    642   -748
   3872   2160  -5228  -1120    706   -303
   3896   2640  -5284  -1120    665     31
   4088   3060  -5268  -1168    466    177
   4124   3240  -5324  -1088     87    168
   3980   3432  -5040  -1136   -319     24
   3748   3116  -5168  -1120   -702    -95
   3740   2828  -5312  -1168   -957   -159
   3428   2376  -5080  -1120  -1052   -156
   3152   2040  -5232  -1120   -988   -118
   3024   1512  -5608  -1136   -834     99
   2844   1516  -5520  -1104   -531    270
   2828   1600  -5424  -1120   -335    422
   2768   1748  -5420  -1168    -68    373
   2832   2064  -5260  -1152     45    180
   2804   2412  -5316  -1168     -2   -100
   2952   2636  -5104  -1136    -62   -615
   3140   2604  -5120  -1136   -230  -1056
   3160   2576  -5296  -1168   -327  -1487
   3108   2136  -5000  -1152   -346  -1828
   3320   1976  -5144  -1120   -335  -1982
   3384   1720  -5328  -1136   -196  -1988
   3456   1512  -5356  -1152     42  -1707
   3428   1616  -5496  -1152    271  -1254
   3628   1848  -5200  -1152    519   -815
   3792   2144  -5180  -1120    596   -381
   3940   2572  -5272  -1152    559    -63
   3980   2920  -4980  -1120    332     51
   4016   3184  -5012  -1104      7     72
   3948   3272  -4984  -1120   -343     18
   3824   2976  -5104  -1120   -661   -137
   3788   2644  -5176  -1152   -912   -156
   3392   2432  -5276  -1168   -941   -192
   3288   2096  -5384  -1136   -895    -79
   3052   1612  -5312  -1120   -676    172
   2780   1416  -5412  -1136   -379    373
   2896   1468  -5400  -1120   -184    474
   2792   1772  -5316  -1104    -36    516
   2820   2032  -5172  -1136    101    223
   2768   2416  -5116  -1120     53    -53
   2936   2560  -5232  -1104    -26   -538
   3004   2684  -5272  -1152   -171  -1005
   3076   2560  -5196  -1136   -323  -1422
   2996   2372  -5264  -1184   -366  -1788
   3052   2100  -5272  -1136   -369  -1960
   3164   1780  -5404  -1136   -255  -1905
   3480   1660  -5304  -1120      3  -1698
   3500   1652  -5356  -1104    160  -1266
   3524   1824  -5432  -1120    391   -876
   3792   2140  -5408  -1136    453   -511
   3956   2576  -5228  -1104    427   -207
   4180   2892  -5204  -1120    250   -114
   4076   3152  -5148  -1136    -47    -21
   3980   3128  -5032  -1120   -400   -131
   4004   2920  -4932  -1120   -694   -231
   3664   2644  -5052  -1168   -911   -241
   3548   2208  -5060  -1152   -934   -212
   3420   1700  -5300  -1136   -748    -71
   3220   1616  -5464  -1184   -612    222
   3036   1416  -5400  -1120   -322    378
   2992   1596  -5412  -1120   -104    515
   2816   1716  -5392  -1120     60    566
   2844   1960  -5244  -1120    198    323
   2852   2468  -5188  -1104    122     19
   2964   2692  -5132  -1104     44   -422
   2992   2624  -5164  -1152   -110   -948
   3024   2668  -5292  -1136   -240  -1312
   2984   2420  -5268  -1152   -316  -1665
   3072   2132  -5496  -1120   -288  -1871
   3176   1712  -5180  -1136   -222  -1826
   3284   1764  -5220  -1152    -33  -1664
   3456   1616  -5360  -1168    164  -1325
   3520   1916  -5260  -1136    298   -914
   3844   2176  -5356  -1184    382   -597
   3972   2568  -5216  -1136    301   -281
   4004   2984  -4912  -1152    128   -200
   4176   3128  -4984  -1072   -206   -212
   3960   3128  -5148  -1184   -526   -212
   4016   2968  -5168  -1136   -769   -354
   3668   2704  -5252  -1136   -944   -292
   3452   2140  -5372  -1152   -983   -253
   3588   1792  -5408  -1168   -802    -90
   3260   1468  -5288  -1152   -606    156
   3152   1436  -5420  -1152   -309    366
   3040   1492  -5396  -1168    -48    525
   2760   1868  -5252  -1152    122    581
   2880   2104  -5276  -1184    244    349
   2928   2428  -5296  -1136    154     61
   2904   2648  -5036  -1136     93   -338
   3092   2676  -5276  -1120     -3   -879
   2928   2552  -4992  -1136   -113  -1212
   3000   2276  -5184  -1184   -192  -1570
   3040   1984  -5280  -1152   -211  -1751
   3168   1792  -5432  -1120   -153  -1750
   3292   1808  -5548  -1168     22  -1584
   3572   1800  -5484  -1088    216  -1284
   3600   1792  -5320  -1216    313   -869
   3636   2392  -5364  -1136    370   -568
   3772   2664  -5100  -1152    264   -372
   3932   2968  -5008  -1136    -12   -277
   4160   3156  -5188  -1168   -282   -302
   3992   3040  -5052  -1152   -632   -298
   3928   2912  -5116  -1088   -851   -431
   3736   2536  -5236  -1168  -1023   -441
   3580   2112  -5192  -1120  -1073   -283
   3524   1780  -5360  -1168   -906   -147
   3136   1456  -5508  -1120   -629    107
   2980   1364  -5556  -1200   -416    363
   2928   1548  -5272  -1136    -92    483
   2976   1672  -5296  -1184     60    528
   2940   2108  -5336  -1136    208    380
   3052   2428  -5252  -1104    222     68
   2920   2464  -5212  -1152    135   -250
   3016   2688  -5164  -1168     59   -764
   2888   2376  -5052  -1152    -40  -1160
   3132   2200  -5236  -1184   -113  -1434
   3000   2036  -5212  -1136    -76  -1652
   3128   1820  -5220  -1152     11  -1619
   3056   1760  -5372  -1136     96  -1453
   3448   1768  -5524  -1168    297  -1240
   3472   2004  -5480  -1152    379   -883
   3716   2468  -5236  -1136    427   -580
   3736   2724  -5276  -1168    312   -424
   3900   2912  -5156  -1152     61   -316
   3980   3108  -5204  -1136   -271   -349
   3972   3104  -5144  -1152   -661   -412
   3704   3008  -5204  -1200   -931   -452
   3716   2668  -5076  -1200  -1081   -455
   3652   2040  -5400  -1168  -1078   -358
   3320   1764  -5448  -1152   -975   -168
   3200   1504  -5484  -1168   -763     25
   3088   1416  -5392  -1168   -488    270
   2896   1400  -5480  -1136   -187    445
   2980   1656  -5368  -1200     33    462
   2984   1948  -5260  -1216    130    289
   2956   2236  -5324  -1200    126     62
   3072   2380  -5136  -1152     76   -342
   3016   1600  -2000  -1168   -180  -1233
   2972   2412  -5776  -1136    -91   -995
   2968   2596  -4976  -1184   -106  -1390
   3120   2016  -5232  -1104    -28  -1667
   3188   1732  -5256  -1120    149  -1608
   3248   1548  -5284  -1120    216  -1369
   3452   1828  -5320  -1168    408  -1090
   3572   2084  -5456  -1184    535   -805
   3560   2388  -5140  -1200    469   -497
   3800   2704  -5192  -1104    312   -354
   3844   2900  -5196  -1152     44   -385
   3912   3180  -5196  -1168   -332   -348
   3920   3248  -5140  -1152   -626   -442
   3920   2872  -5140  -1184   -905   -467
   3672   2616  -5292  -1168  -1106   -500
   3620   2180  -5144  -1184  -1166   -425
   3312   1780  -5384  -1120  -1035   -194
   3152   1564  -5460  -1200   -828      8
   3104   1392  -5408  -1120   -595    236
   3120   1516  -5368  -1168   -323    394
   3012   1784  -5176  -1136   -132    371
   3052   1944  -5216  -1184    -38    257
   2960   2272  -5396  -1136     23      4
   3064   2352  -5240  -1152     16   -375
   3156   2484  -5068  -1184    -37   -676
   3136   2228  -5248  -1168    -68  -1120
   3152   2076  -5220  -1152    -34  -1353
   3108   1964  -5220  -1120     -6  -1530
   3132   1832  -5236  -1136    188  -1506
   3336   1652  -5456  -1152    330  -1291
   3300   1968  -5476  -1152    498  -1024
   3448   2128  -5284  -1152    606   -743
   3544   2332  -5404  -1152    574   -504
   3764   2768  -5092  -1168    381   -347
   3884   3064  -5300  -1136    137   -311
   4004   3116  -5080  -1200   -194   -294
   3932   3272  -5176  -1168   -568   -437
   3748   2936  -5208  -1184   -853   -482
   3672   2696  -5044  -1184  -1032   -462
   3520   2248  -5408  -1152  -1108   -442
   3376   1848  -5492  -1168  -1011   -248
   3204   1556  -5368  -1152   -830     16
   3144   1560  -5436  -1168   -658    197
   3056   1568  -5296  -1152   -409    380
   2948   1788  -5452  -1168   -226    337
   3100   2012  -5224  -1200   -119    169
   3056   2224  -5052  -1184   -102    -65
   3056   2392  -5232  -1200   -121   -456
   3092   2456  -5236  -1184   -130   -792
   3048   2232  -5164  -1136   -186  -1155
   3056   2108  -5360  -1184   -113  -1425
   3052   1804  -5292  -1184      2  -1496
   3276   1676  -5476  -1200    157  -1476
   3268   1640  -5500  -1184    345  -1267
   3368   1824  -5332  -1232    530   -986
   3536   2172  -5268  -1216    623   -692
   3692   2316  -5384  -1184    676   -455
   3756   2568  -5212  -1184    520   -304
   3776   2968  -5092  -1168    215   -252
   3864   3192  -5168  -1168   -120   -339
   3924   2984  -5172  -1184   -420   -370
   3796   2976  -5036  -1168   -731   -414
   3548   2580  -5196  -1184   -890   -440
   3488   2360  -5132  -1216   -983   -368
   3248   1892  -5396  -1168   -968   -211
   3116   1752  -5416  -1216   -819     37
   3132   1668  -5260  -1184   -616    227
   3140   1480  -5236  -1200   -446    333
   2856   1944  -5348  -1168   -303    296
   2904   2068  -5280  -1216   -196    155
   3148   2288  -5224  -1168   -227   -157
   3132   2364  -5208  -1168   -250   -497
   3172   2424  -5268  -1184   -243   -863
   3168   2328  -5304  -1216   -247  -1195
   3128   2084  -5296  -1200   -209  -1380
   3180   1840  -5160  -1168    -55  -1528
   3340   1756  -5388  -1200     72  -1479
   3336   1700  -5204  -1152    314  -1274
   3224   1860  -5452  -1136    543   -984
   3584   1932  -5492  -1184    625   -697
   3752   2464  -5332  -1248    621   -463
   3636   2600  -5236  -1184    532   -340
   3860   2896  -5172  -1184    269   -235
   3756   3092  -5288  -1152    -32   -287
   3768   3036  -5020  -1200   -354   -389
   3804   2828  -5112  -1200   -630   -380
   3608   2492  -5288  -1152   -802   -415
   3556   2144  -5504  -1200   -896   -323
   3144   2120  -5400  -1200   -843   -148
   3168   1788  -5220  -1152   -676     37
   3064   1892  -5256  -1200   -556    266
   3132   1764  -5444  -1232   -419    342
   3084   1964  -5408  -1184   -285    278
   2944   2192  -5376  -1232   -238    121
   2996   2228  -5248  -1216   -242   -176
   2944   2420  -5420  -1216   -282   -506
   2956   2288  -5308  -1232   -333   -882
   3200   2224  -5252  -1184   -370  -1204
   3116   1960  -5316  -1200   -301  -1470
   3152   1704  -5360  -1200   -169  -1521
   3272   1572  -5132  -1184     19  -1491
   3372   1564  -5360  -1232    223  -1254
   3528   1616  -5208  -1248    399  -1041
   3660   2024  -5420  -1184    569   -752
   3592   2336  -5232  -1200    566   -483
   3876   2700  -5036  -1248    510   -360
   3968   3032  -5384  -1200    284   -276
   3860   3068  -5200  -1184      1   -284
   3820   2956  -5004  -1216   -270   -364
   3768   2724  -5360  -1200   -555   -355
   3684   2580  -5428  -1216   -679   -348
   3504   2312  -5224  -1216   -731   -250
   3308   1964  -5280  -1200   -736    -83
   3172   1788  -5308  -1216   -596    122
   3184   1688  -5240  -1200   -437    300
   2932   1824  -5372  -1216   -341    406
   2876   2008  -5236  -1200   -265    291
   2980   2228  -5256  -1216   -213    144
   2956   2384  -5116  -1264   -272   -149
   3020   2464  -5124  -1200   -363   -531
   3004   2508  -5156  -1168   -419   -891
   2924   2268  -5356  -1216   -412  -1220
   3076   2036  -5276  -1200   -362  -1441
   3012   1716  -5464  -1184   -246  -1549
   3180   1664  -5228  -1136    -72  -1500
   3432   1604  -5392  -1216    126  -1316
   3412   1768  -5404  -1200    339  -1050
   3568   2032  -5312  -1232    464   -746
   3808   2236  -5060  -1200    476   -554
   3612   2632  -5124  -1184    422   -414
   3932   2828  -5320  -1216    185   -345
   3884   2940  -5056  -1232    -22   -364
   3916   2952  -5196  -1216   -256   -398
   3768   2800  -5148  -1200   -514   -346
   3556   2344  -5356  -1216   -657   -351
   3664   2220  -5228  -1248   -678   -216
   3440   1972  -5424  -1216   -616    -13
   3140   1808  -5044  -1200   -494    179
   3080   1696  -5312  -1216   -337    353
   2928   1900  -5268  -1216   -209    441
   2964   1888  -5296  -1200   -128    351
   2860   2336  -5136  -1216   -154    168
   2984   2520  -5168  -1248   -261   -128
   3012   2536  -5316  -1184   -307   -485
   3044   2628  -5244  -1216   -362   -868
   2904   2292  -5224  -1200   -387  -1186
   3044   2056  -5088  -1168   -349  -1416
   3004   1884  -5304  -1184   -271  -1536
   3260   1752  -5400  -1232   -115  -1492
   3224   1620  -5424  -1152     50  -1321
   3416   1760  -5424  -1184    263  -1080
   3572   2060  -5436  -1184    394   -855
   3660   2300  -5364  -1200    414   -590
   3684   2612  -5184  -1184    310   -470
   3960   2848  -5116  -1200    158   -422
   3972   2972  -5076  -1248    -92   -429
   3800   2852  -5224  -1168   -338   -455
   3808   2588  -5164  -1168   -557   -466
   3644   2380  -5196  -1216   -657   -384
   3656   2148  -5284  -1200   -666   -259
   3492   1904  -5440  -1184   -543    -51
   3388   1748  -5260  -1248   -421    222
   3260   1708  -5308  -1232   -293    381
   3136   1812  -5360  -1184   -178    456
   3040   2276  -5468  -1248   -103    512
   2968   2380  -5556  -1168    -26    314