    552   -816  -5568   -928   -482   -466
    700   -924  -5440   -944   -510   -504
    604   -824  -5548   -944   -500   -472
    468   -776  -5756   -896   -496   -506
    452   -824  -5772   -944   -475   -479
    488   -976  -5724   -912   -431   -495
    640   -888  -5588   -896   -432   -454
    580   -964  -5656   -928   -477   -428
    492   -860  -5460   -912   -490   -449
    616   -860  -5852   -912   -467   -474
    492   -960  -5724   -896   -428   -492
    440   -840  -5500   -928   -427   -475
    640   -912  -5656   -944   -445   -480
    508   -920  -5780   -928   -436   -486
    504   -864  -5588   -896   -487   -466
    532   -936  -5588   -912   -482   -442
    480   -832  -5436   -912   -458   -483
    552   -812  -5564   -896   -456   -462
    568  -1080  -5552   -896   -476   -495
    428   -840  -5716   -880   -485   -453
    364   -872  -5384   -944   -462   -434
    260  -1000  -5676   -928   -430   -404
     40  -1088  -5500   -944   -393   -382
     72  -1120  -5448   -912   -363   -399
    380  -1212  -5468   -896   -471   -478
    452  -1040  -5632   -896   -594   -491
    708   -972  -5604   -928   -617   -443
    704   -456  -5516   -880   -475   -395
    988   -660  -5564   -944   -381   -344
   1144   -784  -5332   -960   -262   -305
   1440   -852  -5096   -928   -289   -331
    560   -680  -4976   -944   -392   -349
   2316   -788  -5928   -928   -406   -415
    904    -76  -5160   -928   -266   -588
     32   -268  -5448   -976   -182   -547
    140  -1216  -6068   -912   -155   -537
    688  -1348  -5856   -960   -291   -464
   -372  -1148  -5756   -960   -416   -382
    228  -1136  -5748   -976   -541   -423
    304  -1452  -5960   -880   -555   -501
    228   -940  -5592  -1008   -554   -492
    180   -876  -5448   -944   -490   -566
    476  -1168  -5800   -928   -547   -598
    396  -1316  -5744   -960   -633   -590
    524   -936  -5412   -928   -706   -478
    764   -820  -5508   -944   -691   -474
    788   -740  -5372   -880   -553   -425
   1240   -792  -5176   -912   -401   -434
    848   -836  -5412   -912   -297   -580
    956   -992  -5408   -960   -316   -678
   1996  -1476  -6728   -928   -364   -662
    588   -556  -5596   -944   -514   -542
    864   -272  -5504   -944   -391   -503
   1308   -608  -4904   -928   -162   -760
   -320  -1156  -4568   -960   -391   -652
   -268  -1640  -5940   -960   -322   -630
    -92   -600  -5504   -944   -514   -421
    284  -1316  -5680   -944   -719   -374
    384  -1208  -5812   -944   -733   -402
    220   -852  -5788   -944   -590   -377
    176   -840  -5888   -944   -505   -331
    608   -964  -5468   -912   -408   -486
    128  -1136  -5776   -928   -488   -513
    428  -1048  -5688   -928   -632   -533
    272   -892  -5692   -960   -541   -480
    672   -544  -5704   -944   -429   -446
    968   -636  -5776   -928   -300   -371
   1116   -848  -5472   -928   -220   -358
   1048   -956  -5396   -896   -246   -373
    736   -888  -5352   -944   -297   -444
    740   -792  -5096   -944   -366   -475
    308   -704  -5704   -928   -308   -539
   -104   -836  -5932   -944   -278   -291
   -520   -912  -5540   -960   -257   -491
   -516   -896  -5656   -928   -329   -443
    128  -1116  -6040   -928   -494   -428
    820  -1068  -5660   -928   -589   -352
    412   -764  -5380   -944   -598   -440
    408   -868  -5624   -944   -529   -496
    792   -992  -5632   -992   -423   -520
    488  -1016  -5652   -928   -438   -548
    700   -840  -5492   -976   -518   -512
    900   -764  -5256   -912   -554   -486
    948   -792  -5304   -976   -498   -434
    912   -864  -5344   -928   -395   -475
   1008  -1036  -5492   -976   -268   -555
    928   -980  -5552   -944   -283   -579
    916  -1064  -5704   -912   -402   -600
    176   -896  -5808   -960   -478   -575
    408  -1012  -5564   -944   -476   -493
    288  -1020  -5940   -976   -435   -523
  -1556   -292  -5512   -928   -441   -573
  -1184  -1304  -5572   -992   -509   -618
   -240  -1004  -5460   -960   -487   -519
    452  -1216  -5492   -992   -659   -528
    468  -1328  -5480   -912   -720   -514
    452   -932  -5616   -992   -695   -407
    392   -652  -5424   -960   -556   -433
    600   -992  -5384   -960   -453   -455
    700  -1132  -5600  -1008   -475   -470
   1000   -888  -5460   -944   -442   -541
    820   -940  -5540  -1008   -511   -513
    892   -888  -5728   -976   -449   -491
    600   -864  -5524  -1008   -392   -408
    452   -776  -5500   -928   -296   -367
    592   -868  -5520   -896   -301   -423
    576   -748  -5624   -976   -350   -435
    260   -980  -5756  -1008   -365   -462
    188  -1012  -5668   -976   -429   -460
   1272   -968  -5976   -960   -492   -331
    864   -672  -5932   -960   -455   -367
    184   -816  -5856   -976   -420   -409
    272   -984  -5752  -1008   -434   -423
    364  -1124  -5416   -960   -497   -382
    776  -1036  -5288   -960   -556   -400
    700  -1004  -5332   -960   -503   -423
    648   -724  -5480   -976   -377   -459
    712   -848  -5460   -944   -330   -461
   1084  -1100  -5672   -944   -333   -469
    752  -1032  -5444   -976   -368   -455
    736   -856  -5420   -960   -408   -465
    704   -916  -5524   -928   -348   -498
    660   -928  -5792   -960   -324   -550
    652   -888  -5388   -944   -296   -505
    408   -976  -5624   -944   -346   -553
    464  -1204  -5548   -896   -421   -533
    416  -1192  -5704   -960   -482   -466
    272  -1124  -5172   -944   -577   -404
     16  -1040  -5812   -944   -525   -408
    288   -940  -5604   -928   -531   -514
    240  -1080  -6036  -1008   -491   -567
    700  -1048  -5436   -928   -547   -575
    640   -956  -5512   -960   -623   -530
    672   -824  -5488   -928   -632   -528
    372   -904  -5564   -976   -518   -463
    800   -776  -5572   -960   -471   -483
   1128   -968  -5404   -960   -393   -487
    960  -1016  -5348  -1008   -417   -536
    872   -936  -5704  -1008   -447   -570
    572   -964  -5504   -992   -514   -525
    520   -984  -5596   -992   -443   -507
    372   -872  -5480   -944   -379   -459
     56   -900  -5832   -976   -348   -389
    108  -1060  -5812   -992   -477   -419
    580   -960  -5264  -1008   -567   -472
    512  -1124  -5844   -976   -581   -446
    340  -1000  -5504   -992   -549   -381
    404   -912  -5452   -992   -493   -409
    528  -1112  -5368   -976   -475   -410
    592   -944  -5568   -944   -493   -396
    504   -952  -5504   -992   -479   -389
    572   -936  -5464   -960   -442   -405
    860   -876  -5628   -976   -412   -404
    756   -856  -5556   -992   -358   -457
    888   -804  -5360   -976   -293   -465
    912  -1204  -5664   -976   -308   -451
    780   -856  -5588   -960   -350   -421
    604   -996  -5588   -960   -359   -440
    484   -860  -5436   -976   -355   -450
    344  -1000  -5516   -960   -333   -457
    444  -1448  -5660   -960   -368   -512
    444  -1144  -5784   -944   -403   -524
    368   -888  -5480   -992   -489   -516
    256  -1056  -5620   -992   -500   -503
    244   -924  -6016  -1008   -531   -484
    444  -1048  -5804   -976   -509   -516
    416   -916  -5464   -960   -436   -497
    720   -788  -5428   -960   -512   -520
    708   -904  -5364   -944   -522   -517
    760   -912  -5496   -976   -484   -564
    720   -880  -5388   -960   -494   -526
    904  -1004  -5484   -960   -438   -565
    684   -912  -5496   -944   -434   -516
    772   -916  -5448   -992   -414   -552
    808   -960  -5288  -1008   -467   -540
    704  -1064  -5576   -976   -453   -548
    512  -1064  -5540   -992   -459   -578
      0   -592  -5168   -976   -473   -551
   1064   -664  -5572   -960   -513   -604
    404  -1136  -6184   -976   -512   -539
     64  -1208  -5688   -944   -510   -478
    220   -980  -5552   -992   -540   -434
    596   -996  -5708   -960   -574   -445
    696  -1116  -5620   -976   -558   -453
    408   -844  -5708  -1008   -545   -475
    480   -936  -5444   -976   -514   -447
    848   -792  -5596   -944   -469   -432
    800   -932  -5440  -1008   -455   -386
    644   -848  -5708   -976   -433   -393
    788  -1056  -5544   -960   -400   -416
    700   -848  -5444   -960   -372   -444
    924   -924  -5660  -1040   -353   -437
    624   -888  -5772   -960   -342   -426
    440   -952  -5728   -960   -333   -449
     12   -844  -5488  -1008   -404   -394
    716  -1044  -5908   -992   -457   -342
    476   -836  -5704  -1008   -423   -421
    536  -1012  -5472   -976   -418   -442
    620   -972  -5484  -1024   -412   -475
    292  -1108  -5384  -1024   -421   -466
    336  -1136  -5444   -992   -484   -495
    588  -1060  -5848   -976   -458   -466
    704   -972  -5948  -1008   -433   -467
    716   -804  -5500  -1024   -473   -459
    812   -952  -5564   -992   -383   -481
    704   -904  -5472  -1008   -408   -520
    840   -920  -5376  -1008   -412   -543
    812  -1092  -5676   -992   -397   -544
    624   -816  -5540   -944   -406   -522
    488   -988  -5448   -992   -368   -507
    496  -1112  -5708   -992   -376   -537
    552  -1008  -5448   -960   -433   -498
    564  -1084  -5708  -1008   -417   -532
    296  -1264  -6072   -992   -485   -542
    504  -1160  -5992   -960   -533   -522
    388  -1060  -5880   -912   -574   -539
    284   -832  -5360   -976   -513   -499
    548  -1008  -5644  -1024   -508   -492
    544   -984  -5596  -1024   -566   -476
    732   -976  -5644  -1040   -547   -491
    776   -852  -5668   -976   -566   -485
    776   -852  -5536  -1024   -508   -511
    736   -928  -5200  -1024   -455   -508
    888  -1064  -5520  -1024   -428   -496
    848   -884  -5584  -1040   -418   -463
    716   -932  -5524  -1008   -456   -443
    536   -824  -5560  -1040   -457   -485
    532   -960  -5424   -960   -428   -476
    584   -796  -5776   -992   -359   -459
    172  -1036  -5536  -1008   -428   -406
    120  -1092  -5564   -976   -414   -448
    280   -988  -5524   -992   -470   -407
    380  -1056  -5492   -992   -462   -396
    356   -852  -5576  -1024   -463   -374
    228   -952  -5400   -992   -433   -421
    428  -1008  -5648   -976   -440   -445
    604   -980  -5600  -1008   -437   -465
    588   -896  -5464   -992   -451   -428
    708   -972  -5540   -992   -440   -436
    660   -868  -5484   -976   -423   -449
    844   -896  -5496   -992   -381   -397
    692   -916  -5572   -976   -302   -483
    744   -900  -5408  -1008   -320   -476
    792  -1008  -5416  -1024   -350   -473
    456   -996  -5480   -992   -372   -537
    432   -960  -5400  -1040   -355   -536
    384   -948  -5768  -1056   -345   -482
    276  -1044  -6000  -1024   -403   -433
    -72  -1148  -5828  -1024   -425   -532
    260  -1068  -5592   -976   -479   -518
    548  -1056  -5672   -976   -490   -495
    384   -936  -5624   -992   -498   -517
    352   -840  -5556   -960   -526   -536
    532  -1020  -5468  -1040   -509   -542
    580  -1020  -5788   -976   -484   -505
    668   -988  -5436  -1024   -528   -497
    760   -920  -5436  -1008   -489   -510
    776   -976  -5520  -1040   -491   -522
    656   -944  -5676  -1024   -480   -540
    664  -1028  -5668   -992   -456   -540
    628   -968  -5580  -1008   -446   -502
    556   -940  -5508   -976   -466   -535
    512   -876  -5516  -1008   -450   -458
    496  -1012  -5624  -1056   -472   -483
    600  -1160  -5772   -992   -502   -445
    448  -1072  -5932  -1056   -513   -455
    268   -968  -5880  -1040   -501   -475
    612  -1028  -5592  -1040   -518   -464
    356  -1080  -5500  -1024   -506   -462
    532  -1060  -5436  -1024   -529   -442
    548  -1036  -5752  -1040   -518   -402
    716   -904  -5560  -1040   -514   -399
    572   -996  -5512   -992   -446   -418
    764   -928  -5340  -1056   -408   -425
    668  -1016  -5788  -1040   -372   -421
    820  -1036  -5684  -1024   -415   -461
    600   -876  -5464   -976   -359   -454
    760   -928  -5564  -1008   -391   -433
    680   -936  -5636   -976   -365   -428
    440   -900  -5644  -1040   -348   -446
    436  -1064  -5464  -1008   -343   -450
    420  -1004  -5480  -1056   -378   -480
     88  -1120  -5388  -1024   -400   -481
    480   -988  -5744  -1008   -435   -471
    416  -1012  -5784  -1008   -432   -443
    420   -992  -5556  -1024   -435   -487
    260  -1020  -5668  -1040   -446   -473
    384  -1232  -5604  -1072   -449   -459
    712   -968  -5408   -976   -468   -527
    596  -1064  -5540  -1008   -486   -511
    580   -880  -5644  -1024   -459   -507
    792   -804  -5584  -1008   -400   -507
    640   -812  -5484  -1040   -425   -546
    680   -988  -5580   -992   -409   -529
    744   -932  -5876   -992   -435   -509
    612   -988  -5648  -1008   -434   -508
    432   -948  -5504  -1024   -429   -527
    516  -1208  -5592  -1072   -404   -518
    512   -908  -5736   -976   -448   -514
    528  -1140  -5696  -1056   -511   -507
    352  -1156  -5720  -1056   -520   -502
    204  -1044  -5624   -976   -523   -474
    368   -940  -5708  -1040   -529   -494
    456   -920  -5868   -992   -536   -492
    600  -1092  -5540   -992   -541   -490
    632   -928  -5620  -1056   -535   -469
    588   -916  -5692  -1024   -563   -485
    708   -932  -5536  -1040   -513   -480
    648   -864  -5524  -1008   -520   -434
    672   -856  -5440  -1024   -414   -416
    680   -972  -5448  -1024   -451   -466
    784  -1004  -5668   -976   -411   -482
    652  -1068  -5340   -960   -427   -462
    616   -988  -5592  -1056   -413   -464
    604  -1044  -5644  -1056   -402   -448
    584   -992  -5840  -1040   -351   -420
    428   -904  -5612  -1040   -413   -454
    488  -1036  -5468  -1040   -426   -405
    436  -1144  -5628  -1088   -462   -437
    432  -1084  -5788   -992   -435   -422
    340  -1064  -5612  -1008   -452   -462
    492   -976  -5480  -1040   -464   -444
    640  -1048  -5572  -1056   -401   -450
    560   -952  -5456   -992   -387   -466
    640   -912  -5648   -992   -404   -471
    616   -956  -5576  -1040   -426   -491
    832   -900  -5636  -1040   -437   -471
    740  -1056  -5284  -1024   -378   -485
    776   -928  -5472  -1024   -343   -511
    668   -884  -5528  -1008   -357   -506
    624  -1008  -5472  -1040   -387   -487
    548   -888  -5556  -1056   -425   -509
    408  -1020  -5352  -1072   -414   -507
    344  -1000  -5600  -1056   -394   -526
    516   -984  -5748  -1008   -474   -521
    464  -1100  -5776  -1072   -461   -501
    460  -1112  -5752   -992   -521   -514
    588  -1028  -5564  -1040   -510   -534
    516   -900  -5560   -992   -534   -542
    548   -916  -5648  -1008   -509   -505
    568  -1056  -5532  -1056   -506   -508
    688   -948  -5528   -976   -513   -509
    580   -852  -5332   -992   -498   -527
    496   -992  -5472   -976   -525   -500
    652   -784  -5488  -1008   -495   -471
    836   -916  -5492   -992   -459   -474
    640   -932  -5528  -1072   -461   -490
    600  -1036  -5416  -1008   -452   -505
    636   -960  -5476  -1008   -491   -474
    552   -844  -5628  -1024   -457   -474
    596   -984  -5592  -1056   -455   -463
    460  -1084  -5676  -1040   -478   -458
    412  -1052  -5700  -1024   -496   -441
    380   -996  -5616  -1024   -486   -408
    452  -1080  -5620  -1040   -502   -431
    572  -1012  -5676  -1024   -483   -431
    416   -964  -5404  -1008   -450   -433
    484   -972  -5504  -1008   -427   -440
    624  -1012  -5556  -1024   -459   -452
    736   -752  -5496  -1024   -413   -414
    596   -912  -5576  -1040   -420   -438
    752   -984  -5704  -1040   -416   -436
    684   -836  -5404  -1056   -365   -468
    664   -776  -5300  -1072   -398   -419
    704   -892  -5612  -1072   -356   -481
    616  -1056  -5644  -1024   -343   -480
    452  -1040  -5528  -1056   -343   -460
    576  -1020  -5712  -1024   -360   -454
    556  -1112  -5732  -1072   -418   -485
    360  -1128  -5352  -1008   -398   -504
    532   -964  -5564  -1056   -457   -521
    400  -1128  -5616  -1024   -437   -517
    500   -928  -5448  -1008   -477   -515
    344  -1052  -5708  -1040   -477   -530
    580   -988  -5708  -1024   -504   -523
    576  -1000  -5524  -1024   -456   -513
    560  -1072  -5388  -1072   -475   -499
    672   -984  -5480   -976   -480   -500
    832   -948  -5476  -1072   -459   -494
    776  -1152  -5300  -1008   -465   -529
    728   -904  -5540  -1008   -476   -521
    712   -872  -5464  -1056   -474   -532
    556   -832  -5596  -1056   -462   -516
    488  -1032  -5636  -1040   -468   -521
    488   -976  -5592   -992   -505   -480
    472  -1052  -5564  -1056   -474   -504
    496  -1028  -5252  -1040   -514   -454
    344   -924  -5476  -1056   -510   -525
    472   -984  -5452  -1072   -508   -500
    544  -1088  -5536  -1040   -540   -490
    296   -980  -5832  -1088   -501   -463
    500  -1028  -5784  -1056   -507   -448
    496  -1004  -5708  -1040   -522   -460
    588   -852  -5492  -1040   -531   -437
    636   -968  -5616  -1056   -483   -448
    604  -1032  -5512  -1056   -436   -450
    572   -952  -5468  -1040   -428   -451
    764   -968  -5520  -1008   -426   -452
    692   -848  -5632  -1008   -441   -476
    564  -1044  -5472  -1056   -405   -477
    608  -1000  -5760  -1040   -378   -470
    404   -940  -5608  -1040   -400   -440
    452   -948  -5424  -1056   -379   -469
    516   -996  -5592  -1056   -383   -451
    268  -1012  -5564  -1104   -344   -482
    368  -1056  -5440  -1040   -394   -457
    380  -1048  -5520  -1056   -395   -479
   1028  -1092  -5644   -992   -412   -502
    120   -996  -5504  -1040   -426   -467
    488  -1036  -5596  -1056   -453   -483
    536   -928  -5768  -1088   -412   -531