    660   -968  -5676   -448   -398   -497
    572   -936  -5644   -432   -373   -486
    728   -808  -5524   -400   -382   -476
    460   -884  -5696   -432   -373   -469
    520   -948  -5592   -432   -349   -502
    604  -1036  -5396   -416   -398   -522
    576   -836  -5860   -432   -369   -462
    576   -896  -5500   -432   -378   -454
    516   -836  -5816   -432   -375   -442
    624   -940  -5652   -432   -360   -455
    644   -960  -5560   -448   -373   -514
    528   -912  -5372   -464   -362   -489
    456   -940  -5636   -448   -351   -487
    524  -1020  -5404   -480   -419   -494
    484   -892  -5668   -464   -456   -491
    588   -908  -5612   -432   -409   -486
    596   -992  -5632   -432   -378   -440
    636   -928  -5692   -480   -329   -438
    612   -876  -5572   -432   -359   -501
    632   -936  -5644   -400   -417   -478
    444   -868  -5528   -432   -444   -551
    540   -796  -5848   -448   -393   -503
    536   -868  -5748   -416   -350   -488
    680   -892  -5512   -480   -396   -477
    432  -1012  -5540   -480   -404   -489
    516  -1032  -5632   -432   -382   -476
    380   -932  -5588   -496   -424   -459
    528   -976  -5888   -432   -359   -442
    720   -932  -5712   -496   -390   -490
    712   -804  -5752   -448   -332   -434
    784   -708  -5620   -480   -327   -338
    996   -940  -5600   -448   -266   -405
   1072   -976  -5276   -480   -338   -504
    744   -816  -5476   -480   -382   -558
    752   -596  -5300   -464   -284   -601
    256   -920  -5660   -464   -261   -599
   -168  -1064  -5840   -432   -273   -500
    108  -1228  -5720   -432   -333   -434
    112  -1128  -5776   -496   -492   -387
    196   -968  -5520   -432   -530   -414
    192   -908  -5432   -496   -490   -551
    276   -988  -5784   -480   -398   -637
    340  -1012  -5644   -480   -366   -633
    648  -1104  -5772   -480   -390   -525
    688  -1020  -5808   -496   -440   -446
    980   -948  -5608   -496   -463   -396
   1064   -712  -5312   -432   -321   -413
    816   -664  -5068   -464   -229   -482
   1132   -788  -5620   -496   -165   -585
    916   -852  -5668   -464   -161   -640
    724  -1428  -6356   -464   -252   -575
   1432  -1532  -5924   -464   -419   -578
    172   -692  -5832   -528   -318   -389
    -40   -676  -5660   -464   -252   -279
    132  -1216  -5692   -464   -258   -412
    400  -1100  -5408   -496   -381   -537
    352  -1072  -5660   -464   -564   -535
     56   -856  -5464   -496   -643   -529
    320  -1032  -5948   -480   -618   -465
    308  -1012  -5524   -496   -488   -349
    540   -892  -5584   -496   -475   -327
    532  -1104  -5552   -496   -544   -366
    776  -1064  -5564   -512   -598   -411
    972   -896  -5336   -480   -531   -473
    784   -748  -5536   -512   -484   -486
    916   -924  -5396   -480   -343   -510
    460   -700  -5180   -544   -306   -451
    352  -1124  -5700   -512   -334   -380
    556   -984  -5476   -512   -391   -414
    668   -948  -5516   -512   -419   -420
   -376      8  -5408   -576   -347   -596
   -368   -672  -5264   -480   -413   -500
    168  -1252  -5512   -480   -358   -497
    -20  -1124  -5652   -480   -365   -493
    232  -1428  -5684   -512   -519   -517
   -208  -1092  -5740   -512   -597   -411
    180   -972  -5564   -512   -584   -480
    860   -804  -5732   -528   -469   -453
    672   -644  -5320   -528   -373   -520
    660   -740  -5660   -480   -296   -609
    564  -1008  -5296   -528   -342   -600
    748  -1080  -5516   -528   -389   -518
    700   -936  -5572   -496   -393   -491
    836   -844  -5560   -560   -320   -429
    792   -832  -5496   -496   -183   -475
    832  -1136  -5424   -496   -129   -512
    764  -1232  -5632   -512   -211   -593
    456  -1028  -5608   -496   -293   -593
   1040  -1100  -5732   -528   -412   -575
    908   -108  -5464   -528   -411   -390
     72  -1080  -5612   -480   -345   -411
    372  -1232  -5932   -560   -230   -440
    116  -1108  -5524   -496   -365   -423
    256  -1172  -5460   -496   -519   -544
    200  -1004  -5560   -544   -637   -509
    156   -904  -5336   -544   -549   -510
    380   -688  -5480   -528   -422   -447
    544   -932  -5548   -512   -325   -433
    948  -1056  -5520   -512   -359   -403
   1012  -1112  -5272   -544   -452   -394
    904   -904  -5496   -544   -534   -425
    804   -716  -5732   -576   -448   -425
    660   -836  -5628   -512   -348   -478
    604   -848  -5876   -544   -335   -412
    508  -1072  -5560   -528   -335   -455
    368  -1104  -5740   -576   -457   -423
    248  -1104  -5692   -512   -510   -386
   1664  -2188  -6420   -544   -696   -235
    436  -1000  -6440   -544   -453   -427
      0   -424  -5308   -560   -438   -438
    384   -992  -5428   -528   -425   -512
    740  -1320  -5652   -560   -542   -491
    552  -1036  -5876   -512   -596   -457
    356   -784  -5736   -560   -609   -454
    792   -708  -5452   -560   -467   -431
    904   -816  -5828   -496   -352   -438
    988   -904  -5480   -544   -300   -512
    764  -1128  -5412   -576   -301   -542
    688  -1024  -5744   -544   -363   -558
    760   -992  -5652   -544   -427   -543
    560   -844  -5544   -528   -330   -521
    412   -904  -5724   -528   -247   -508
    508  -1084  -5556   -560   -175   -528
    412  -1120  -5688   -560   -278   -546
    816  -1292  -5348   -528   -397   -631
    268  -1116  -5704   -528   -458   -518
    108   -884  -5792   -496   -419   -550
    244   -920  -5760   -560   -350   -487
    428   -964  -5460   -560   -303   -482
    544  -1164  -5660   -528   -355   -508
    800  -1052  -5632   -544   -477   -480
    740  -1036  -5464   -576   -514   -585
    828   -860  -5476   -576   -457   -499
    644   -888  -5684   -544   -352   -484
    832  -1044  -5612   -608   -270   -449
    872   -976  -5564   -608   -296   -456
    604  -1120  -5420   -608   -386   -451
    556  -1096  -5404   -592   -427   -434
    472   -796  -5552   -608   -390   -437
    384   -904  -5540   -592   -369   -496
    372   -968  -5772   -560   -289   -492
    400  -1260  -5676   -576   -365   -470
     88  -1032  -5652   -560   -512   -505
    176  -1216  -5588   -560   -580   -389
     96  -1036  -5668   -592   -576   -350
    332   -872  -5588   -544   -536   -394
    416   -980  -5852   -544   -422   -427
    696   -972  -5560   -576   -441   -469
    672  -1116  -5604   -544   -507   -475
    672  -1108  -5500   -576   -559   -462
    684   -784  -5720   -576   -539   -417
    924   -688  -5644   -608   -459   -393
    640   -828  -5440   -608   -329   -430
    676  -1028  -5564   -576   -326   -499
    752  -1136  -5896   -544   -380   -548
    548  -1068  -5664   -592   -431   -526
    460  -1000  -5652   -624   -454   -533
    552   -968  -5896   -592   -356   -491
     88   -864  -5604   -560   -333   -474
    348  -1224  -5608   -560   -386   -463
    496  -1044  -5728   -592   -436   -547
    452  -1088  -5652   -592   -490   -528
    428   -980  -5636   -592   -494   -543
    400   -984  -5496   -592   -409   -519
    644   -952  -5608   -592   -383   -536
    372   -992  -5440   -624   -343   -531
    552  -1012  -5648   -576   -416   -485
    708   -968  -5536   -592   -350   -486
    928   -928  -5492   -592   -371   -510
    800  -1024  -5584   -560   -321   -549
    804   -932  -5620   -592   -240   -500
    668  -1008  -5456   -560   -251   -521
    648   -940  -5628   -624   -303   -501
    736  -1028  -5624   -576   -374   -461
    424  -1080  -5684   -608   -347   -490
    272  -1032  -5556   -592   -375   -471
    648   -956  -5832   -608   -381   -504
    428  -1204  -5792   -592   -374   -435
    400   -928  -5632   -608   -458   -475
    432  -1120  -5624   -608   -476   -451
    456  -1060  -5536   -608   -580   -469
    524   -908  -5680   -608   -546   -411
    612   -940  -5604   -576   -512   -405
    772   -908  -5756   -560   -478   -444
    832   -884  -5784   -624   -423   -456
   1028   -992  -5572   -592   -407   -428
    832  -1008  -5504   -592   -462   -447
    768   -928  -5624   -592   -476   -468
    456   -816  -5256   -624   -445   -453
    584   -892  -5548   -656   -429   -411
    656   -980  -5604   -624   -372   -417
    480  -1088  -5428   -608   -416   -469
    564  -1048  -5696   -544   -472   -481
    396  -1012  -5740   -608   -494   -506
    308   -976  -5520   -640   -483   -486
    312   -972  -5732   -576   -471   -462
    432   -972  -5676   -640   -432   -495
    428  -1036  -5692   -608   -449   -501
    504   -900  -5512   -608   -506   -500
    660   -936  -5592   -624   -492   -530
    608   -944  -5556   -608   -476   -555
    660   -980  -5736   -592   -355   -547
    744  -1012  -5632   -624   -351   -516
    656   -840  -5436   -592   -319   -519
    924  -1088  -5668   -624   -343   -512
    700   -960  -5616   -624   -374   -531
    724  -1076  -5596   -592   -329   -553
    528   -912  -5664   -624   -301   -544
    696   -860  -5792   -624   -247   -548
    392   -860  -5772   -592   -256   -538
    652  -1112  -5700   -592   -358   -492
    360  -1168  -5524   -592   -383   -496
    488  -1020  -5424   -640   -438   -464
    404  -1060  -5600   -624   -369   -442
    324   -984  -5448   -640   -353   -459
    436  -1068  -5564   -608   -367   -481
    712  -1112  -5380   -576   -419   -488
    508   -976  -5560   -576   -475   -480
    708   -924  -5544   -608   -438   -451
    568   -892  -5624   -608   -427   -416
    660   -980  -5616   -624   -367   -433
    596   -832  -5480   -624   -345   -418
    772  -1088  -5512   -656   -406   -396
    808  -1100  -5420   -624   -465   -468
    548   -988  -5700   -640   -424   -443
    524  -1032  -5760   -640   -417   -445
    356   -900  -5596   -688   -396   -394
    424  -1060  -5640   -576   -408   -369
    356  -1124  -5460   -672   -499   -405
    484   -904  -5840   -608   -499   -432
    156  -1036  -5656   -640   -525   -502
    316   -948  -5672   -672   -502   -413
    576  -1016  -5584   -672   -455   -447
    492  -1076  -5728   -640   -476   -464
    720   -964  -5612   -608   -490   -430
    616   -996  -5816   -640   -479   -466
    816   -784  -5552   -672   -502   -502
    856   -868  -5316   -640   -444   -475
    764   -980  -5640   -640   -328   -481
    608   -972  -5636   -672   -381   -493
    636   -916  -5500   -640   -354   -522
    720  -1060  -5656   -624   -364   -500
    452   -888  -5548   -624   -374   -520
    516  -1064  -5640   -624   -359   -489
    392  -1032  -5388   -624   -333   -522
    268  -1060  -5664   -592   -374   -519
    444  -1148  -5568   -592   -402   -531
    324  -1048  -5516   -656   -402   -528
    364   -992  -5708   -640   -470   -519
    380   -908  -5692   -608   -425   -519
    664   -904  -5716   -640   -394   -517
    476  -1076  -5520   -640   -368   -532
    664  -1056  -5620   -608   -362   -506
    652   -960  -5408   -640   -417   -527
    748   -896  -5672   -640   -370   -484
    644   -904  -5580   -624   -374   -495
    752   -816  -5620   -624   -342   -466
    576  -1044  -5864   -624   -303   -447
    604   -912  -5632   -640   -349   -493
    548   -848  -5624   -640   -386   -466
    528  -1064  -5512   -640   -400   -485
    568   -960  -5688   -608   -402   -472
    240  -1080  -5776   -640   -401   -479
    388   -968  -5724   -656   -418   -447
    184  -1024  -5832   -640   -463   -412
    244  -1004  -5732   -656   -458   -409
    464  -1004  -5920   -656   -507   -409
    460   -944  -5432   -656   -504   -449
    644   -924  -5760   -656   -484   -411
    652   -988  -5672   -656   -448   -462
    640  -1044  -5540   -656   -478   -425
    760  -1032  -5660   -672   -462   -393
    676   -836  -5696   -672   -476   -420
    796   -912  -5572   -640   -448   -485
    656   -876  -5544   -608   -408   -420
    636   -824  -5524   -640   -377   -464
    544   -864  -5668   -608   -396   -466
    496   -972  -5608   -640   -390   -497
    472  -1084  -5824   -672   -435   -493
    484   -912  -5644   -640   -454   -533
    412   -916  -5604   -672   -404   -504
    400   -944  -5464   -656   -403   -507
    340   -992  -5696   -656   -399   -557
    348  -1036  -5676   -688   -450   -533
    436   -948  -5708   -656   -408   -510
    428  -1004  -5460   -624   -429   -542
    672  -1052  -5296   -688   -400   -497
    752   -860  -5584   -688   -404   -502
    652   -964  -5656   -688   -349   -523
    768  -1008  -5468   -672   -328   -532
    640   -868  -5516   -640   -308   -539
    752  -1068  -5692   -640   -322   -513
    532   -936  -5740   -672   -358   -504
    636   -964  -5604   -672   -304   -515
    432   -936  -5568   -608   -308   -481
    548   -984  -5744   -656   -370   -493
    576  -1108  -5628   -656   -391   -484
    284   -928  -5548   -656   -384   -504
    376   -904  -5440   -688   -399   -469
    540  -1036  -5748   -624   -402   -484
    304   -920  -5400   -624   -409   -429
    332   -992  -5676   -672   -438   -437
    580   -972  -5684   -640   -456   -445
    644   -984  -5560   -640   -440   -427
    808   -920  -5488   -656   -460   -416
    600   -988  -5640   -608   -464   -421
    688   -888  -5656   -672   -449   -439
    656   -932  -5488   -656   -431   -430
    652   -988  -5644   -640   -424   -414
    724  -1056  -5420   -688   -460   -445
    468   -916  -5644   -624   -473   -436
    568  -1000  -5680   -688   -461   -436
    520   -924  -5556   -704   -447   -425
    608   -900  -5612   -688   -427   -431
    468   -940  -5616   -640   -479   -457
    404  -1068  -5552   -640   -459   -442
    264  -1132  -5616   -704   -481   -451
    480   -852  -5496   -656   -466   -475
    532  -1060  -5604   -640   -493   -441
    588   -988  -5896   -688   -432   -470
    620  -1088  -5612   -656   -460   -537
    516   -992  -5820   -640   -448   -511
    664  -1020  -5500   -704   -487   -507
    704   -868  -5692   -608   -387   -484
    780  -1020  -5448   -640   -366   -498
    656  -1016  -5344   -672   -398   -528
    576   -872  -5552   -688   -332   -496
    552   -924  -5540   -688   -352   -553
    572   -980  -5604   -656   -341   -511
    424   -892  -5560   -688   -296   -540
    424   -996  -5480   -688   -324   -520
    392   -892  -5668   -688   -345   -544
    524  -1032  -5700   -736   -339   -489
    420   -964  -5592   -640   -364   -500
    436   -848  -5712   -640   -411   -512
    576  -1036  -5532   -704   -410   -497
    524   -936  -5636   -704   -381   -506
    588   -980  -5584   -688   -414   -487
    636   -952  -5540   -656   -413   -472
    544  -1016  -5472   -688   -371   -473
    660   -932  -5540   -640   -402   -484
    616  -1008  -5604   -688   -396   -461
    560  -1032  -5544   -720   -382   -468
    696   -892  -5576   -720   -385   -446
    600   -924  -5508   -656   -392   -434
    548   -992  -5668   -704   -410   -419
    412  -1020  -5828   -672   -418   -447
    488   -956  -5744   -672   -418   -445
    500   -852  -5536   -672   -438   -429
    352   -996  -5764   -736   -487   -441
    660  -1056  -5712   -688   -495   -414
    324   -992  -5460   -688   -511   -420
    448   -984  -5452   -688   -470   -442
    584   -956  -5588   -672   -523   -405
    492  -1032  -5648   -672   -465   -450
    712   -952  -5568   -736   -486   -414
    688   -956  -5468   -704   -525   -457
    780  -1000  -5668   -672   -521   -441
    556   -824  -5752   -688   -440   -492
    720  -1004  -5472   -688   -421   -510
    664   -952  -5520   -720   -416   -513
    728   -988  -5540   -704   -415   -496
    728  -1064  -5504   -704   -431   -504
    532  -1028  -5624   -736   -405   -504
    400   -892  -5600   -672   -401   -504
    556   -908  -5664   -704   -374   -486
    508  -1012  -5548   -688   -367   -509
    468  -1060  -5788   -656   -391   -540
    528  -1056  -5840   -704   -456   -543
    296   -884  -5468   -736   -399   -536
    544   -924  -5608   -736   -384   -523
    608   -948  -5432   -736   -410   -508
    652  -1060  -5644   -720   -394   -498
    476   -988  -5652   -752   -389   -520
    656   -996  -5456   -688   -379   -494
    612   -976  -5556   -688   -380   -504
    604  -1004  -5296   -704   -321   -503
    544   -852  -5632   -704   -356   -478
    584   -972  -5516   -704   -332   -473
    708   -976  -5700   -736   -372   -450
    560  -1016  -5640   -736   -384   -442
    468   -896  -5600   -688   -377   -462
    540  -1092  -5672   -720   -398   -427
    524   -884  -5416   -656   -401   -454
    428  -1016  -5592   -752   -415   -428
    412  -1024  -5760   -720   -416   -460
    292   -992  -5500   -672   -479   -446
    652   -884  -5528   -736   -441   -435
    436   -840  -5624   -736   -450   -444
    596   -860  -5576   -768   -496   -401
    532   -948  -5740   -720   -488   -415
    492  -1016  -5608   -704   -496   -439
    596   -900  -5744   -688   -451   -437
    712   -952  -5592   -704   -447   -419
    712  -1060  -5680   -704   -449   -416
    672   -944  -5488   -720   -436   -462
    708   -952  -5588   -688   -456   -469
    584   -884  -5512   -720   -448   -488
    436  -1044  -5456   -736   -422   -504
    600  -1024  -5552   -704   -462   -460
    456  -1020  -5544   -704   -413   -470
    452   -916  -5320   -720   -411   -492
    644  -1032  -5728   -720   -440   -486
    628  -1024  -5720   -736   -469   -524
    600   -896  -5580   -736   -471   -514
    636   -952  -5840   -736   -414   -478
    572  -1020  -5740   -704   -406   -503
    724   -852  -5584   -704   -421   -511
    600  -1040  -5604   -704   -387   -497
    668  -1008  -5644   -672   -374   -527
    408   -936  -5432   -720   -377   -544
    720   -820  -5496   -752   -380   -505
    600   -908  -5560   -736   -364   -509
    632   -936  -5828   -720   -360   -504
    564   -940  -5520   -656   -300   -518
    580   -972  -5568   -720   -342   -515
    644  -1060  -5448   -800   -375   -514
    452  -1016  -5580   -704   -354   -514
    316   -972  -5504   -704   -384   -537
    508  -1052  -5684   -736   -389   -487
    492  -1100  -5912   -752   -410   -465
    404   -964  -5676   -736   -409   -466
    540  -1008  -5664   -736   -434   -448
    544   -960  -5612   -736   -426   -447
    456   -952  -5532   -752   -410   -408
    560  -1024  -5600   -784   -442   -437
    724  -1024  -5464   -720   -408   -441
    576   -856  -5668   -752   -421   -376
    516  -1000  -5436   -736   -445   -429
    552   -944  -5624   -736   -455   -412
    608   -852  -5544   -736   -438   -427
    596  -1040  -5724   -704   -431   -418
    644  -1024  -5824   -720   -424   -466
    620  -1028  -5536   -720   -459   -450
    500  -1012  -5792   -720   -462   -457
    512  -1104  -5764   -768   -469   -457
    420   -884  -5704   -768   -503   -447
    444  -1096  -5688   -816   -477   -430
    528  -1064  -5716   -752   -493   -438
    436   -948  -5600   -688   -483   -486
    568  -1028  -5532   -768   -484   -477
    592   -836  -5620   -800   -481   -494
    524   -936  -5616   -720   -449   -515
    680   -984  -5724   -752   -447   -501
    648   -960  -5528   -768   -416   -517
    652   -908  -5684   -720   -406   -490
    656  -1036  -5384   -752   -426   -518
    536   -956  -5616   -752   -385   -499
    636  -1000  -5496   -752   -366   -525
    664   -908  -5592   -800   -353   -548
    692   -940  -5516   -736   -333   -518
    556   -944  -5472   -736   -348   -541
    480  -1024  -5436   -736   -365   -521
    456   -868  -5600   -784   -424   -504
    468  -1000  -5568   -752   -388   -516
    660  -1156  -5644   -768   -375   -525
    416   -904  -5420   -736   -425   -497
    496   -944  -5768   -752   -363   -511
    508   -956  -5696   -752   -407   -494
    536   -900  -5416   -784   -370   -469
    688  -1060  -5728   -752   -375   -429
    652  -1028  -5512   -752   -391   -494
    712   -968  -5524   -736   -382   -461
    548   -896  -5552   -736   -387   -451
    672   -928  -5668   -736   -377   -438
    540   -876  -5388   -736   -412   -465
    500  -1052  -5728   -768   -429   -427
    552   -880  -5808   -752   -415   -458
    468   -952  -5548   -752   -454   -427
    440  -1084  -5724   -720   -402   -443
    460  -1080  -5548   -752   -419   -419
    628   -984  -5644   -768   -480   -434
    480  -1012  -5540   -768   -497   -437
    444   -908  -5668   -800   -495   -422
    584   -972  -5476   -752   -479   -423
    476   -936  -5584   -752   -474   -426
    576  -1000  -5688   -784   -476   -436
    536   -992  -5516   -768   -483   -443
    556   -988  -5488   -752   -453   -464
    544   -996  -5536   -784   -463   -483
    680   -904  -5820   -736   -434   -482
    608   -876  -5480   -768   -439   -485
    508  -1108  -5532   -768   -417   -526
    612   -928  -5608   -768   -439   -506
    588  -1100  -5528   -768   -435   -475
    676   -996  -5456   -784   -453   -487
    608   -996  -5720   -752   -384   -489
    372  -1056  -5568   -720   -419   -510
    584   -976  -5684   -768   -431   -486
    476  -1044  -5512   -768   -435   -532
    508  -1112  -5576   -768   -418   -546
    616   -952  -5804   -800   -424   -523
    568  -1096  -5628   -752   -405   -525
    608   -944  -5428   -752   -422   -497
    536   -980  -5572   -752   -394   -504
    540  -1036  -5768   -752   -379   -493
    580   -980  -5700   -768   -379   -510
    552   -944  -5608   -800   -397   -496
    544   -980  -5500   -768   -400   -491
    652   -900  -5504   -800   -349   -480
    552   -920  -5396   -784   -385   -491
    520   -928  -5700   -768   -384   -506
    616   -904  -5532   -784   -381   -497
    500   -932  -5636   -784   -384   -472
    532  -1012  -5584   -752   -398   -492
    612  -1028  -5476   -752   -426   -449
    396   -992  -5528   -736   -395   -445
    552   -896  -5588   -768   -403   -421
    464   -972  -5560   -784   -429   -448
    644  -1044  -5668   -752   -437   -444
    604  -1008  -5668   -752   -462   -427
    568   -940  -5460   -768   -435   -449
    672   -940  -5748   -768   -463   -401
    664   -992  -5632   -736   -466   -430
    676   -960  -5696   -784   -460   -415
    448   -980  -5648   -784   -449   -410
    696   -976  -5492   -784   -442   -467
    636   -980  -5460   -800   -423   -425
    592   -992  -5608   -768   -453   -475
    564  -1016  -5716   -800   -441   -482
    672  -1140  -5552   -800   -426   -521
    520   -960  -5488   -816   -483   -486
    492  -1024  -5796   -752   -477   -458
    584   -984  -5428   -784   -452   -500
    400   -968  -5628   -752   -448   -503
    420  -1092  -5664   -768   -415   -508
    540   -892  -5492   -784   -446   -483
    568  -1060  -5512   -752   -445   -505
    600  -1008  -5592   -768   -462   -551
    564   -920  -5576   -832   -420   -518
    532   -876  -5708   -784   -426   -502
    556   -940  -5764   -736   -389   -516
    560   -932  -5672   -784   -366   -529
    680  -1152  -5492   -816   -401   -535
    504   -880  -5480   -784   -397   -507
    596  -1012  -5540   -800   -330   -525
    640  -1040  -5592   -832   -366   -491
    380   -952  -5388   -768   -380   -500
    396  -1128  -5516   -784   -357   -516
    388   -908  -5588   -784   -359   -497
    396   -948  -5544   -816   -371   -487
    480   -880  -5728   -752   -409   -474
    476   -984  -5872   -816   -382   -450
    396  -1004  -5552   -768   -408   -481
    448   -964  -5432   -768   -401   -470
    644   -964  -5692   -768   -420   -448
    492  -1056  -5644   -768   -384   -460
    540  -1008  -5732   -784   -412   -456
    728  -1052  -5720   -752   -406   -464
    596  -1080  -5620   -816   -405   -443
    628  -1084  -5796   -784   -398   -396
    756  -1016  -5560   -784   -439   -422
    668   -948  -5596   -800   -394   -426
    540   -992  -5804   -800   -410   -457
    724   -924  -5484   -848   -440   -435
    416   -952  -5516   -816   -448   -442
    436   -964  -5500   -832   -465   -454
    480  -1060  -5472   -816   -448   -440
    484  -1056  -5780   -784   -478   -445
    492   -908  -5656   -768   -507   -478
    564   -868  -5516   -832   -497   -462
    492  -1060  -5516   -768   -453   -480
    528  -1000  -5696   -832   -510   -468
    560  -1024  -5500   -752   -441   -489
    708   -972  -5528   -784   -427   -485
    476   -860  -5504   -784   -420   -473
    600  -1012  -5460   -832   -462   -514
    624   -940  -5720   -768   -418   -518
    624   -856  -5796   -800   -424   -548
    836   -980  -5740   -832   -395   -544
    600   -952  -5536   -816   -408   -547
    632  -1096  -5592   -784   -375   -530
    604   -900  -5688   -816   -391   -546
    404   -952  -5504   -784   -393   -541
    472   -808  -5592   -800   -382   -490
    452   -992  -5620   -768   -387   -514
    440  -1076  -5756   -800   -415   -509
    512   -960  -5720   -784   -412   -535
    456  -1064  -5780   -832   -370   -518
    444  -1068  -5636   -848   -381   -509
    524  -1020  -5404   -784   -383   -479
    596   -840  -5772   -816   -385   -494
    596   -944  -5604   -800   -372   -474
    636   -956  -5740   -768   -384   -463
    604   -956  -5380   -800   -372   -456
    588  -1068  -5508   -784   -373   -441
    704   -796  -5700   -752   -340   -428
    632   -988  -5428   -784   -403   -471
    580   -984  -5512   -752   -385   -429
    436   -980  -5672   -784   -403   -464
    568   -948  -5556   -784   -379   -445
    496  -1032  -5772   -784   -425   -406
    432  -1052  -5612   -784   -431   -419
    532  -1032  -5804   -736   -486   -418
    388  -1028  -5748   -832   -459   -428
    460  -1060  -5584   -768   -496   -428
    652  -1012  -5668   -800   -477   -443
    372   -924  -5444   -832   -470   -418
    592  -1092  -5596   -800   -462   -439
    528  -1076  -5716   -800   -505   -473
    600   -984  -5592   -800   -455   -452
    612   -932  -5624   -784   -481   -430
    568  -1056  -5572   -816   -441   -462
    512   -884  -5744   -800   -454   -505
    592   -972  -5464   -832   -442   -509
    704  -1136  -5532   -848   -438   -445
    660   -948  -5672   -832   -411   -505
    600   -996  -5596   -800   -442   -501
    624   -964  -5676   -784   -419   -504
    524   -864  -5716   -848   -431   -466
    628   -956  -5564   -816   -470   -509
    496   -912  -5536   -832   -434   -485
    716  -1036  -5612   -768   -443   -558
    488  -1112  -5500   -800   -443   -519
    528   -968  -5700   -784   -428   -534
    460  -1096  -5488   -800   -399   -506
    432  -1084  -5624   -800   -373   -540
    588  -1152  -5472   -816   -392   -541
    564   -968  -5728   -816   -342   -503
    752   -880  -5444   -848   -388   -506
    664   -984  -5620   -800   -359   -524
    600   -988  -5572   -832   -356   -515
    604   -940  -5688   -816   -347   -486
    572  -1024  -5580   -816   -333   -486
    480  -1096  -5720   -800   -386   -482
    500  -1020  -5552   -800   -381   -461
    564   -904  -5424   -848   -386   -421
    576  -1028  -5664   -816   -403   -444
    392  -1092  -5536   -848   -397   -445
    508   -960  -5552   -864   -418   -432
    488   -800  -5484   -832   -422   -426
    480  -1088  -5576   -816   -463   -477
    484   -928  -5348   -816   -420   -443
    532  -1000  -5868   -832   -468   -415
    548   -868  -5536   -832   -419   -413
    628  -1072  -5516   -816   -441   -439
    440   -984  -5536   -848   -504   -428
    612   -920  -5628   -848   -440   -469
    568   -884  -5644   -800   -464   -458
    560   -968  -5680   -864   -450   -479
    556  -1160  -5520   -864   -458   -448
    540  -1100  -5608   -848   -452   -455
    616   -984  -5544   -848   -409   -453
    544   -924  -5616   -848   -446   -467
    560   -984  -5664   -832   -451   -489
    424   -832  -5684   -864   -470   -528
    712  -1068  -5588   -800   -504   -492
    444   -948  -5384   -848   -472   -474
    492  -1012  -5648   -896   -461   -505
    580   -940  -5560   -848   -451   -500
    692   -960  -5476   -848   -460   -481
    532  -1000  -5456   -832   -415   -536
    596  -1024  -5484   -832   -444   -523
    540   -916  -5344   -832   -433   -550
    696  -1016  -5528   -848   -369   -534
    772   -980  -5544   -816   -386   -523
    532   -872  -5544   -816   -397   -527
    628  -1080  -5452   -832   -382   -553
    684   -996  -5528   -832   -344   -541
    544  -1020  -5656   -816   -373   -515
    508  -1120  -5708   -864   -354   -505
    692   -936  -5712   -832   -364   -501
    368   -952  -5588   -816   -375   -492
    572  -1008  -5508   -816   -411   -486
    640   -944  -5660   -848   -404   -493
    516  -1056  -5536   -800   -398   -470
    612   -980  -5520   -864   -384   -505
    500  -1000  -5396   -832   -369   -486
    636   -936  -5688   -848   -429   -445
    524   -956  -5688   -816   -434   -469
    640   -928  -5696   -848   -411   -461
    532   -980  -5728   -848   -429   -438
    480  -1116  -5660   -848   -417   -459
    464  -1004  -5604   -880   -398   -455
    636  -1008  -5484   -832   -414   -406
    632   -980  -5704   -848   -429   -384
    560  -1020  -5564   -832   -448   -427
    440  -1028  -5480   -832   -433   -438
    616   -952  -5676   -832   -474   -394
    460   -900  -5716   -832   -453   -417
    516   -996  -5532   -832   -458   -408
    568   -948  -5548   -832   -444   -475
    524  -1060  -5580   -816   -486   -465
    456   -940  -5504   -816   -476   -485
    584  -1028  -5560   -816   -442   -494
    452  -1072  -5696   -864   -450   -450
    692   -968  -5396   -864   -472   -471
    552   -996  -5700   -832   -435   -515
    536   -988  -5632   -848   -446   -538
    640   -972  -5636   -832   -461   -504
    620   -744  -5744   -816   -398   -501
    504  -1064  -5652   -832   -423   -536
    556   -960  -5528   -864   -438   -487
    632  -1028  -5556   -800   -412   -497
    508   -920  -5436   -864   -387   -522
    672   -996  -5460   -848   -388   -503
    492   -936  -5656   -800   -399   -533
    436  -1124  -5716   -832   -393   -521
    532   -960  -5608   -832   -399   -520
    472  -1152  -5636   -816   -417   -533
    556  -1028  -5640   -880   -411   -499
    548   -952  -5556   -848   -407   -507
    432  -1068  -5660   -832   -412   -485
    696   -900  -5604   -864   -440   -436
    632  -1064  -5612   -848   -376   -475
    584   -976  -5660   -784   -377   -455
    636  -1024  -5532   -880   -364   -467
    656   -996  -5628   -864   -383   -471
    592  -1036  -5636   -848   -378   -440
    552   -968  -5476   -784   -379   -504
    412  -1052  -5548   -848   -376   -452
    652   -888  -5680   -864   -417   -450
    568  -1064  -5844   -896   -419   -435
    472  -1032  -5736   -832   -402   -423
    580   -964  -5572   -848   -452   -451
    556   -968  -5876   -864   -437   -428
    560  -1040  -5664   -816   -453   -430
    564   -972  -5592   -816   -461   -454
    492   -956  -5396   -848   -465   -434
    580   -968  -5436   -816   -478   -445
    444  -1036  -5612   -896   -467   -454
    424   -896  -5804   -816   -456   -464
    652   -928  -5580   -848   -471   -501
    428   -924  -5596   -864   -448   -455
    624  -1036  -5524   -896   -469   -467
    560   -904  -5600   -864   -464   -457
    484   -952  -5596   -880   -473   -487
    404   -996  -5580   -848   -454   -491
    576  -1072  -5616   -832   -467   -513
    572   -944  -5480   -864   -435   -508
    544   -936  -5452   -912   -440   -486
    460   -968  -5756   -864   -433   -501
    424  -1088  -5516   -832   -449   -542
    492  -1048  -5528   -864   -416   -511
    488   -988  -5548   -864   -443   -532
    436  -1120  -5628   -848   -438   -538
    612   -976  -5320   -800   -448   -536
    396   -912  -5744   -864   -440   -554
    632   -908  -5608   -864   -398   -520
    624   -824  -5676   -848   -377   -495
    636  -1036  -5792   -880   -381   -512
    680   -944  -5584   -864   -403   -504
    616   -988  -5564   -832   -382   -497
    400   -940  -5672   -864   -352   -482
    680   -996  -5400   -864   -391   -490
    672   -944  -5532   -864   -362   -500
    456   -920  -5564   -848   -403   -478
    496   -996  -5716   -848   -376   -459
    368  -1004  -5640   -896   -393   -493
    408   -856  -5668   -864   -394   -440
    476   -952  -5604   -848   -389   -473
    656   -932  -5740   -848   -392   -427
    448  -1000  -5472   -848   -431   -435
    596   -928  -5456   -848   -422   -413
    580   -936  -5632   -848   -403   -418
    500  -1040  -5384   -864   -440   -383
    724   -888  -5580   -896   -423   -455
    604   -888  -5544   -896   -424   -438
    668   -844  -5496   -848   -424   -420
    584   -924  -5588   -848   -432   -465
    636  -1060  -5684   -880   -442   -436
    568  -1048  -5576   -896   -442   -427
    456  -1056  -5776   -832   -464   -451
    640   -888  -5592   -880   -450   -457
    616   -956  -5580   -912   -463   -465
    532   -892  -5532   -928   -507   -470
    488  -1036  -5676   -832   -501   -442
    520  -1056  -5516   -864   -473   -544
    592   -980  -5496   -880   -439   -504
    448  -1056  -5636   -832   -479   -515
    492  -1024  -5400   -864   -487   -505
    688   -952  -5660   -848   -454   -518
    680   -968  -5564   -848   -478   -536
    580   -912  -5508   -848   -428   -511
    716   -972  -5668   -880   -444   -532
    644  -1032  -5628   -864   -403   -491
    544  -1004  -5648   -896   -450   -501
    576  -1048  -5744   -880   -422   -550
    456   -992  -5648   -896   -374   -536
    600   -964  -5368   -864   -361   -510
    588   -948  -5468   -864   -386   -488
    588  -1012  -5372   -896   -384   -532
    532  -1116  -5512   -912   -388   -539
    428   -936  -5648   -848   -390   -526
    536  -1024  -5516   -864   -366   -468
    500  -1096  -5764   -864   -413   -468
    692  -1004  -5444   -880   -417   -504
    636   -892  -5500   -848   -414   -467
    480   -920  -5364   -896   -395   -468
    504  -1100  -5488   -864   -388   -487
    632  -1004  -5536   -864   -408   -487
    668   -848  -5700   -816   -391   -464
    612   -876  -5764   -848   -393   -461
    540   -932  -5416   -896   -410   -446
    632   -932  -5520   -864   -425   -464
    632  -1060  -5568   -896   -385   -413
    548   -948  -5596   -848   -439   -425
    516   -932  -5616   -880   -428   -444
    648   -852  -5720   -864   -400   -436
    500   -972  -5688   -880   -427   -448
    568  -1032  -5540   -880   -409   -424
    676   -956  -5580   -896   -450   -454
    508  -1044  -5568   -832   -480   -416
    464   -972  -5384   -848   -420   -467
    536   -940  -5556   -912   -482   -441
    472   -988  -5696   -896   -507   -448
    476   -892  -5748   -880   -455   -444
    576   -892  -5808   -912   -462   -473
    700   -952  -5532   -896   -448   -457
    552  -1036  -5508   -864   -441   -474
    676  -1008  -5592   -912   -467   -522
    660   -988  -5764   -912   -451   -516
    644   -936  -5620   -864   -431   -520
    608  -1100  -5568   -864   -411   -523
    528  -1056  -5728   -848   -455   -510
    516  -1064  -5844   -864   -426   -513
    468   -944  -5520   -864   -402   -554
    548  -1120  -5560   -912   -434   -510
    496   -908  -5496   -912   -405   -576
    440  -1092  -5584   -880   -411   -526
    604   -996  -5804   -896   -408   -541
    584  -1032  -5688   -896   -413   -533
    440  -1024  -5488   -912   -419   -533
    436   -960  -5648   -928   -406   -508
    524   -984  -5720   -864   -419   -492
    496   -968  -5548   -848   -393   -512
    644  -1016  -5568   -880   -350   -495
    468   -912  -5560   -880   -397   -509
    680   -860  -5500   -848   -367   -443
    752  -1028  -5560   -880   -351   -450
    540  -1056  -5604   -912   -385   -478
    536   -992  -5628   -896   -409   -478
    612  -1044  -5540   -864   -435   -444
    472   -912  -5716   -912   -416   -444
    280   -948  -5540   -896   -378   -487
    756   -836  -5652   -848   -392   -424
    576   -996  -5712   -880   -410   -407
    508  -1060  -5584   -848   -416   -433
    536   -936  -5396   -896   -486   -409
    432   -980  -5540   -928   -498   -419
    672  -1012  -5628   -912   -488   -447
    448   -872  -5608   -912   -482   -436
    524   -928  -5684   -912   -432   -492
    608   -988  -5520   -912   -449   -473
    784  -1012  -5620   -912   -487   -449
    640  -1076  -5416   -896   -461   -422
    508   -928  -5468   -928   -500   -437
    624  -1032  -5392   -912   -472   -464
    676   -944  -5436   -896   -425   -496
    636   -956  -5592   -880   -439   -511
    488  -1076  -5544   -896   -434   -506
    596   -936  -5676   -880   -445   -500
    484  -1056  -5600   -896   -461   -494
    500   -928  -5608   -928   -446   -507
    504  -1008  -5772   -944   -468   -504
    452   -924  -5648   -880   -411   -520
    476  -1132  -5364   -912   -446   -548
    708   -884  -5492   -880   -439   -545
    544   -972  -5596   -912   -456   -552
    704   -932  -5632   -880   -397   -499
    520   -964  -5428   -912   -383   -493
    712   -928  -5360   -944   -396   -479
    556  -1060  -5560   -912   -365   -509
    648  -1008  -5504   -896   -401   -532
    460  -1040  -5656   -960   -409   -513
    624   -988  -5500   -912   -394   -509
    428  -1040  -5760   -896   -334   -433
    516  -1016  -5556   -928   -355   -488
    564  -1064  -5612   -896   -378   -460
    592  -1180  -5600   -880   -359   -480
    436   -956  -5592   -880   -417   -488
    628   -936  -5432   -896   -426   -494
    592   -960  -5528   -928   -412   -473
    612   -908  -5560   -864   -381   -474
    608  -1032  -5788   -880   -427   -444
    684  -1024  -5552   -880   -412   -394
    508  -1020  -5584   -896   -481   -435
    448  -1084  -5736   -896   -455   -431
    720   -980  -5760   -928   -401   -437
    644  -1092  -5520   -912   -430   -456
    644   -908  -5364   -912   -405   -461
    636   -828  -5588   -896   -449   -426
    456  -1084  -5688   -864   -491   -409
    576   -988  -5508   -928   -447   -436
    660   -944  -5604   -864   -443   -415
    556   -956  -5460   -880   -441   -454
    600  -1008  -5552   -880   -426   -470
    468  -1112  -5788   -896   -476   -471
    496  -1076  -5616   -880   -475   -500
    440   -980  -5652   -960   -465   -481
    684   -980  -5624   -960   -490   -448
    712  -1000  -5624   -960   -473   -450
    608   -940  -5324   -880   -418   -493
    396  -1144  -5496   -928   -473   -535
    584   -960  -5568   -912   -472   -541
    484   -928  -5440   -896   -427   -564
    620   -980  -5760   -896   -436   -557
    636  -1104  -5588   -944   -433   -509
    608  -1004  -5512   -944   -451   -488
    528  -1116  -5452   -944   -414   -530
    592  -1028  -5476   -896   -426   -512
    512  -1132  -5500   -928   -410   -557
    548   -952  -5512   -912   -367   -518
    556   -896  -5620   -864   -409   -538
    464  -1072  -5688   -896   -395   -504
    372   -848  -5700   -976   -402   -457
    668  -1052  -5536   -944   -426   -468
    600  -1060  -5380   -912   -418   -521
    500   -920  -5836   -912   -390   -475
    612   -968  -5492   -944   -381   -481
    400   -996  -5532   -944   -399   -474
    624   -928  -5392   -896   -440   -492
    684   -960  -5700   -896   -414   -440
    484   -896  -5512   -928   -407   -436
    764   -980  -5652   -896   -390   -433
    660   -992  -5584   -912   -402   -414
    528  -1040  -5572   -976   -354   -450
    532   -992  -5564   -912   -424   -448
    548   -936  -5748   -928   -405   -465
    608   -940  -5532   -896   -413   -429
    552  -1116  -5452   -912   -416   -402
    540   -948  -5324   -912   -417   -435
    704   -816  -5496   -944   -431   -459
    536  -1068  -5524   -912   -463   -435
    508   -912  -5448   -912   -456   -420
    580   -964  -5420   -896   -435   -498
    628   -932  -5644   -832   -464   -470
    384   -996  -5692   -944   -458   -423
    512   -952  -5720   -960   -457   -472
    612   -932  -5580   -928   -482   -493
    536  -1196  -5548   -928   -457   -480
    600  -1060  -5724   -944   -481   -539
    520  -1048  -5372   -944   -467   -504
    420   -884  -5672   -928   -448   -497
    588  -1140  -5668   -928   -430   -514
    604  -1064  -5480   -896   -431   -488
    612  -1048  -5452   -928   -474   -491
    468   -976  -5708   -896   -438   -526
    548   -932  -5668   -944   -429   -538
    568   -904  -5592   -928   -439   -539
    500  -1000  -5768   -912   -412   -531
    580   -960  -5644   -928   -410   -524
    436   -972  -5548   -928   -419   -523
    492   -996  -5468   -960   -424   -490
    448  -1112  -5468   -976   -367   -474
    692   -928  -5668   -912   -431   -533
    560  -1056  -5572   -896   -402   -502
    612   -912  -5680   -960   -372   -530
    736   -992  -5712   -928   -388   -494
    676   -924  -5520   -992   -395   -499
    648   -996  -5628   -960   -375   -450
    680   -952  -5740   -960   -358   -451
    516   -904  -5480   -976   -352   -472
    588   -780  -5604   -976   -381   -479
    460   -952  -5520   -912   -405   -468
    568   -944  -5684   -896   -406   -449
    660  -1056  -5664   -992   -407   -443
    656   -908  -5608   -944   -445   -440
    580  -1008  -5368  -1008   -451   -424
    496  -1088  -5716   -944   -418   -447
    504  -1068  -5508   -928   -420   -441
    560   -988  -5552   -928   -423   -453
    596   -940  -5488   -944   -449   -448
    464   -960  -5808   -928   -464   -444
    492   -920  -5580   -992   -476   -447
    508  -1000  -5524   -960   -456   -424
    656  -1064  -5580   -944   -429   -433
    704   -928  -5512   -928   -465   -461
    628  -1116  -5712   -896   -448   -436
    512   -992  -5540   -928   -447   -480
    720   -924  -5556   -944   -437   -543
    496   -892  -5444   -992   -452   -472
    620   -996  -5688   -960   -485   -522
    776  -1000  -5496   -960   -476   -494
    548  -1000  -5464   -944   -469   -483
    644  -1044  -5612   -960   -428   -463
    668  -1060  -5620   -960   -481   -569
    600  -1124  -5592   -912   -475   -502
    612   -988  -5648   -896   -446   -549
    536   -936  -5556   -992   -459   -523
    668  -1032  -5588   -928   -405   -483
    648   -920  -5548   -912   -422   -533
    644  -1108  -5548   -960   -409   -489
    624   -988  -5632   -944   -432   -522
    544   -920  -5708   -976   -436   -502
    472  -1000  -5508   -944   -378   -559
    552  -1048  -5692   -960   -384   -498
    464  -1000  -5764   -960   -392   -480
    348  -1016  -5724   -912   -436   -500
    740   -896  -5648   -960   -383   -462
    540  -1008  -5740   -992   -419   -486
    504  -1068  -5444   -944   -382   -468
    500   -980  -5472  -1008   -382   -463
    548  -1044  -5600   -912   -415   -470
    380   -924  -5704   -912   -424   -448
    612   -880  -5540   -944   -424   -455
    508  -1016  -5564   -976   -415   -406
    688   -980  -5480   -960   -430   -408
    712   -960  -5460   -912   -383   -461
    712  -1072  -5676   -928   -421   -461
    532   -808  -5568   -928   -425   -413
    472   -936  -5676   -928   -442   -440
    668   -812  -5696   -944   -468   -461
    648   -912  -5692  -1008   -440   -429
    524  -1028  -5644   -960   -408   -438
    572   -912  -5696   -960   -419   -459
    592   -976  -5456   -944   -433   -490
    552  -1048  -5476   -960   -462   -459
    592   -912  -5388   -976   -455   -505
    584   -972  -5664   -976   -470   -455
    604  -1044  -5480   -912   -490   -464
    508   -984  -5432   -992   -505   -457
    636  -1036  -5768   -928   -450   -469
    660   -836  -5624   -944   -481   -504
    640   -912  -5736   -912   -470   -510
    520  -1040  -5452   -928   -521   -557
    512  -1000  -5472   -976   -501   -495
    600   -940  -5624   -992   -449   -544
    588   -932  -5632   -960   -459   -486
    752   -984  -5588   -976   -431   -525
    572  -1000  -5676   -944   -433   -533
    652   -992  -5676   -944   -419   -506
    660   -884  -5504   -960   -400   -510
    588   -976  -5608   -960   -407   -524
    452   -992  -5656   -976   -401   -529
    636   -948  -5652   -960   -384   -490
    564   -940  -5568   -976   -431   -498
    620  -1088  -5608   -944   -406   -496
    400  -1032  -5536  -1024   -396   -487
    548   -968  -5456   -960   -376   -495
    600   -924  -5500   -944   -421   -529
    504   -996  -5520   -944   -373   -487
    536  -1056  -5668   -992   -386   -484
    644  -1024  -5628   -976   -428   -448
    548  -1028  -5644   -960   -434   -457
    544  -1024  -5716   -992   -398   -497
    584   -896  -5664   -944   -418   -442
    648   -992  -5480   -976   -406   -472
    524   -960  -5624   -960   -413   -447
    560   -916  -5552   -960   -418   -446
    584   -980  -5436   -928   -391   -441
    524   -980  -5540   -992   -427   -426
    436  -1056  -5616   -976   -439   -444
    612  -1072  -5412   -976   -437   -409
    620   -924  -5684  -1024   -449   -452
    324  -1064  -5712   -992   -481   -450
    612  -1056  -5488   -944   -459   -466
    524   -900  -5572   -976   -438   -452
    592  -1024  -5640  -1008   -451   -461
    552  -1076  -5808   -976   -471   -465
    524   -892  -5696   -928   -439   -489
    628  -1040  -5528   -992   -488   -461
    672   -864  -5512   -976   -485   -483
    728   -968  -5584  -1008   -443   -531
    556  -1008  -5312   -992   -453   -485
    544   -988  -5488   -992   -463   -492
    472  -1080  -5360   -960   -495   -470
    688  -1000  -5676   -976   -467   -490
    596   -928  -5500   -992   -434   -507
    480  -1024  -5544  -1008   -427   -536
    448  -1056  -5492   -944   -461   -529
    420  -1064  -5596   -928   -431   -513
    548   -976  -5576  -1008   -406   -493
    672   -944  -5636   -992   -404   -528
    484   -964  -5680   -960   -441   -532
    564   -972  -5472   -944   -506   -521
    584   -884  -5764  -1008   -444   -531
    508   -988  -5800   -960   -450   -522
    700  -1004  -5708   -976   -404   -529
    468  -1084  -5464  -1008   -410   -494
    816  -1032  -5336   -992   -383   -462
    568   -908  -5696   -960   -411   -491
    476   -984  -5616   -944   -378   -469
    520  -1116  -5588   -976   -390   -469
    560  -1020  -5644   -992   -419   -451
    492   -940  -5856   -976   -371   -468
    580   -964  -5488   -944   -421   -456
    544  -1044  -5652   -992   -384   -416
    372   -848  -5540   -960   -428   -445
    424   -828  -5692   -976   -414   -408
    432  -1056  -5532   -960   -398   -431
    628   -920  -5720   -992   -413   -445
    600   -924  -5680   -976   -393   -438
    388  -1140  -5696   -992   -449   -424
    468   -908  -5716   -976   -422   -457
    448  -1012  -5296  -1008   -431   -442
    512  -1012  -5732   -992   -426   -476
    632  -1032  -5424   -960   -418   -449
    660  -1012  -5548  -1008   -444   -466
    620   -940  -5644   -976   -446   -441
    564   -964  -5520  -1024   -458   -487
    540   -916  -5608   -976   -460   -474
    512  -1076  -5456   -976   -476   -509
    400  -1000  -5592   -960   -445   -454
    612   -852  -5708   -960   -455   -459
    352  -1092  -5532   -976   -469   -466
    440  -1032  -5520   -944   -476   -515
    388   -964  -5656   -960   -464   -538
    584  -1012  -5784   -960   -419   -489
    444   -808  -5592   -976   -444   -518
    596   -932  -5440  -1024   -420   -524
    548  -1124  -5580   -992   -492   -521
    500  -1104  -5540  -1008   -450   -509
    692   -852  -5368   -976   -431   -528
    632  -1056  -5500   -960   -422   -512
    528   -896  -5608  -1008   -393   -510
    456   -988  -5564  -1008   -397   -552
    564   -944  -5808   -992   -422   -543
    684  -1116  -5436   -992   -453   -522
    620   -956  -5644   -976   -427   -489
    504  -1036  -5704   -976   -428   -511
    628   -912  -5548   -976   -422   -467
    440   -980  -5548   -928   -407   -478
    508   -928  -5664   -976   -413   -500
    484   -832  -5528  -1024   -410   -473
    488   -912  -5420  -1024   -414   -473
    456   -904  -5620   -976   -391   -422
    360   -896  -5656  -1024   -408   -416
    476   -940  -5508  -1008   -384   -491
    548  -1068  -5840   -976   -420   -449
    504   -952  -5676   -928   -406   -432
    724  -1112  -5680   -976   -433   -439
    520   -972  -5736   -960   -468   -387
    552   -920  -5500   -960   -429   -423
    580  -1020  -5416   -944   -411   -411
    556   -916  -5536   -976   -418   -426
    708   -920  -5528   -960   -431   -425
    592   -944  -5616   -992   -461   -437
    484   -968  -5536   -976   -437   -473
    628   -992  -5684   -960   -483   -474
    568  -1048  -5704   -960   -437   -438
    408   -892  -5380   -976   -445   -462
    584  -1020  -5676   -976   -458   -462
    620   -908  -5588  -1024   -440   -478
    596  -1052  -5552   -992   -450   -468
    564   -916  -5340   -976   -471   -457
    500  -1056  -5664   -944   -440   -503
    528   -936  -5528   -992   -457   -468
    616  -1132  -5648  -1024   -460   -481
    616   -960  -5560   -976   -461   -523
    508   -932  -5424  -1008   -424   -520
    604   -916  -5496   -960   -411   -485
    584  -1008  -5680  -1024   -437   -550
    632  -1128  -5600  -1008   -446   -536
    416   -896  -5524  -1008   -418   -529
    576   -920  -5512  -1008   -411   -508
    452  -1028  -5548   -976   -419   -491
    496   -740  -5628   -960   -429   -534
    372  -1012  -5608   -992   -453   -532
    476   -868  -5544   -976   -433   -523
    508  -1036  -5576   -992   -435   -479
    460   -916  -5764   -992   -385   -497
    628   -968  -5712  -1024   -434   -478
    548   -988  -5536   -976   -425   -521
    480   -916  -5672  -1008   -391   -449
    600   -972  -5568   -976   -394   -469
    508  -1016  -5640   -992   -391   -482
    564   -988  -5512  -1040   -422   -460
    568   -896  -5432   -992   -429   -450
    628  -1020  -5532  -1008   -402   -461
    452  -1076  -5676  -1008   -423   -429
    576  -1076  -5780  -1024   -433   -441
    476   -948  -5552   -960   -437   -396
    508  -1004  -5472  -1040   -412   -454
    524   -884  -5632   -992   -393   -447
    588  -1000  -5656   -976   -426   -447
    448  -1032  -5672   -976   -411   -440
    556   -984  -5516   -992   -412   -436
    576   -900  -5516   -992   -439   -439
    568  -1116  -5452  -1008   -406   -457
    680  -1088  -5676  -1008   -470   -469
    640  -1072  -5332   -944   -469   -449
    572   -964  -5452  -1008   -428   -475
    568  -1012  -5740   -992   -458   -453
    612   -952  -5552  -1008   -454   -496
    544  -1008  -5444  -1008   -461   -477
    476   -992  -5508   -992   -470   -466
    600   -872  -5504   -992   -437   -512
    520  -1016  -5628  -1024   -432   -487
    684   -964  -5588   -992   -401   -499
    580   -892  -5532   -976   -415   -526
    492  -1140  -5600   -944   -455   -525
    584   -904  -5400  -1024   -450   -543
    412   -932  -5444  -1024   -439   -500
    468   -908  -5480  -1024   -443   -526
    448  -1012  -5636   -992   -463   -498
    704   -840  -5608  -1008   -424   -507
    316  -1104  -5644  -1008   -461   -566
    520   -908  -5628  -1024   -449   -502
    592   -996  -5448  -1056   -434   -507
    412  -1032  -5568   -960   -413   -520
    604  -1020  -5612  -1008   -417   -492
    568  -1040  -5688  -1008   -425   -457
    676   -876  -5460  -1008   -433   -520
    624   -996  -5440  -1024   -424   -480
    556  -1068  -5592  -1040   -441   -458
    512   -764  -5580  -1024   -405   -454
    416  -1004  -5580  -1056   -447   -456
    536   -976  -5684  -1040   -373   -478
    476  -1000  -5500  -1008   -412   -492
    676  -1124  -5444  -1008   -425   -442
    456   -916  -5520   -992   -446   -490
    244  -1080  -5488  -1024   -411   -445
    644   -888  -5408   -992   -399   -465
    608  -1004  -5664  -1008   -461   -418
    508   -948  -5496  -1024   -456   -420
    716  -1016  -5364  -1008   -432   -434
    584  -1068  -5388   -992   -472   -426
    504  -1100  -5596   -992   -440   -417
    620   -856  -5480  -1040   -444   -453
    464   -876  -5504   -992   -455   -457
    612   -868  -5640  -1024   -412   -465
    624   -892  -5564   -992   -432   -462
    624   -744  -5496   -976   -460   -458
    568  -1016  -5564   -992   -440   -508
    592  -1032  -5556  -1024   -456   -475
    504   -964  -5484   -976   -437   -467
    424   -944  -5572  -1024   -446   -492
    540   -968  -5656  -1008   -477   -526
    604  -1004  -5640  -1008   -470   -485
    620  -1040  -5552   -992   -455   -507
    432   -936  -5596  -1024   -451   -511
    512   -996  -5448  -1008   -487   -529
    496   -940  -5544  -1008   -427   -543
    696   -992  -5652  -1008   -428   -521
    500  -1060  -5440   -992   -414   -540
    480   -976  -5684  -1040   -428   -512
    452   -960  -5436   -976   -434   -479
    580  -1012  -5616  -1024   -424   -532
    456  -1036  -5644   -960   -404   -496
    500   -884  -5556  -1008   -404   -501
    644  -1020  -5428   -992   -455   -505
    540  -1008  -5520   -976   -422   -491
    636  -1044  -5496  -1056   -414   -523
    528   -972  -5640   -992   -400   -480
    532   -968  -5608  -1024   -402   -479
    628   -976  -5444  -1024   -453   -481
    644  -1048  -5380   -992   -394   -477
    624   -896  -5540  -1008   -429   -468
    560   -984  -5576  -1008   -419   -450
    612  -1016  -5556  -1024   -418   -449
    544  -1156  -5624  -1008   -449   -473
    560   -988  -5568  -1024   -422   -432
    560   -912  -5584  -1008   -425   -466
    576  -1020  -5504   -976   -392   -426
    696   -944  -5460   -992   -417   -470
    532   -996  -5544  -1024   -399   -429
    620   -984  -5544  -1024   -401   -426
    636  -1012  -5592  -1008   -471   -423
    336   -908  -5644  -1008   -425   -439
    544   -852  -5600   -992   -452   -424
    480   -952  -5404  -1024   -416   -453
    528  -1056  -5584   -992   -428   -461
    552  -1076  -5588   -992   -436   -436
    484  -1044  -5640  -1008   -432   -462
    556   -956  -5596  -1008   -458   -469
    520   -968  -5644  -1024   -479   -499
    504  -1068  -5628   -992   -471   -485
    596   -896  -5700  -1040   -461   -465
    516  -1028  -5484  -1008   -458   -491
    668   -972  -5640  -1024   -457   -477
    504   -960  -5456  -1056   -478   -510
    680   -896  -5724  -1040   -458   -507
    632   -896  -5596  -1008   -449   -497
    500  -1072  -5600  -1024   -420   -498
    700   -944  -5536   -976   -437   -498
    644  -1048  -5616   -976   -398   -512
    608   -944  -5544   -992   -449   -510
    516   -932  -5548   -976   -428   -519
    572   -992  -5512  -1008   -425   -548
    544  -1012  -5688  -1024   -437   -551
    660  -1092  -5656  -1008   -432   -538
    620   -940  -5528  -1008   -416   -524
    644   -972  -5552  -1040   -434   -480
    704  -1020  -5516  -1008   -409   -483
    512   -928  -5460  -1008   -419   -469
    556   -964  -5308  -1008   -364   -484
    588  -1112  -5488   -992   -398   -499
    588   -964  -5692   -976   -417   -475
    660  -1032  -5504   -960   -408   -475
    580   -936  -5604   -992   -409   -459
    600   -904  -5668  -1024   -409   -427
    584  -1012  -5492  -1072   -377   -428
    736   -924  -5548   -992   -418   -408
    588   -968  -5400   -992   -418   -444
    432   -944  -5664   -976   -413   -460
    420   -884  -5660  -1008   -436   -458
    540   -876  -5700  -1040   -436   -482
    536  -1056  -5584   -992   -433   -425
    516   -936  -5540  -1024   -467   -427
    604  -1016  -5708  -1008   -437   -383
    576   -996  -5588  -1056   -444   -423
    496  -1032  -5580   -960   -467   -451
    600  -1140  -5628   -992   -452   -458
    608   -956  -5756  -1008   -442   -483
    488   -864  -5484  -1040   -457   -475
    676  -1052  -5656   -992   -445   -479
    564  -1096  -5616  -1008   -465   -489
    576   -972  -5608  -1024   -462   -482
    552  -1012  -5404  -1008   -456   -481
    604   -920  -5556  -1008   -426   -497
    436   -868  -5592   -960   -464   -519
    472  -1032  -5676  -1008   -434   -502
    668   -904  -5676  -1008   -423   -530
    548  -1036  -5560  -1008   -495   -535
    528  -1080  -5280  -1024   -450   -515
    620   -928  -5600  -1024   -434   -535
    516   -992  -5728  -1008   -473   -495
    652  -1028  -5560  -1008   -431   -551
    520   -804  -5616   -992   -445   -513
    648   -896  -5624  -1008   -413   -506
    612   -968  -5488  -1008   -446   -505
    492  -1008  -5512  -1008   -466   -486
    604   -972  -5736  -1008   -405   -509
    492   -928  -5696  -1024   -383   -516
    656   -932  -5412  -1056   -399   -483
    624   -972  -5520  -1040   -387   -498
    572  -1040  -5784  -1024   -398   -474
    656   -964  -5560   -992   -421   -466
    548   -940  -5608   -992   -412   -462
    488  -1016  -5492   -992   -408   -464
    576   -876  -5656  -1040   -424   -464
    440   -976  -5560  -1024   -395   -469
    720  -1128  -5672  -1024   -413   -452
    556  -1060  -5576  -1008   -410   -448
    424  -1052  -5528  -1024   -430   -447
    668   -956  -5404  -1008   -396   -434
    560   -968  -5520   -960   -452   -462
    448   -936  -5360   -992   -417   -433
    576   -932  -5412  -1008   -410   -416
    612  -1084  -5620   -944   -427   -426
    608  -1100  -5520   -992   -432   -452
    468  -1020  -5724   -992   -440   -433
    552  -1008  -5432  -1024   -412   -443
    556   -940  -5572  -1008   -434   -447
    660  -1068  -5652   -976   -442   -437
    620   -988  -5764   -992   -428   -476
    484   -992  -5500  -1024   -459   -454
    560  -1060  -5488   -976   -448   -470
    528   -980  -5600  -1008   -449   -509
    532  -1012  -5628  -1008   -480   -482
    500  -1076  -5788   -992   -421   -518
    532  -1080  -5504  -1056   -439   -494
    504  -1056  -5708   -976   -464   -481
    584   -916  -5484  -1040   -460   -486
    444   -952  -5328  -1024   -434   -555
    456   -864  -5760  -1008   -445   -499
    460   -900  -5612  -1040   -433   -509
    708   -892  -5672   -992   -437   -553
    512   -980  -5456  -1056   -430   -521
    464   -872  -5420   -976   -429   -517
    476  -1028  -5592  -1024   -413   -498
    724   -936  -5344   -976   -420   -542
    580   -956  -5408  -1008   -421   -501
    500   -932  -5640  -1056   -426   -493
    396  -1080  -5492  -1008   -424   -557
    596  -1084  -5516  -1008   -403   -505
    512  -1028  -5560   -992   -420   -462
    620  -1048  -5652  -1024   -390   -485
    480   -988  -5640  -1024   -474   -456
    464   -980  -5508  -1008   -422   -495
    480   -936  -5612   -976   -443   -476
    620  -1012  -5704  -1072   -453   -466
    556   -944  -5452   -992   -412   -428
    556   -992  -5448  -1008   -402   -447
    568   -932  -5556  -1024   -396   -456
    584   -916  -5540   -992   -430   -443
    544   -984  -5464  -1008   -444   -441
    532  -1008  -5524  -1056   -432   -423
    660   -972  -5348  -1024   -423   -466
    596  -1016  -5500  -1008   -426   -442
    548  -1028  -5516   -976   -442   -430
    484  -1012  -5624  -1024   -419   -455
    660   -948  -5488   -976   -433   -467
    580  -1120  -5616  -1040   -438   -440
    584  -1016  -5464  -1024   -433   -492
    416   -888  -5520  -1024   -427   -458
    524  -1008  -5540  -1040   -423   -462
    620   -912  -5672  -1008   -428   -420
    464  -1016  -5668   -976   -467   -480
    732   -944  -5536  -1008   -448   -490
    540  -1008  -5560  -1024   -450   -487
    584   -944  -5504  -1024   -397   -507
    468  -1148  -5456  -1040   -413   -528
    572  -1000  -5660  -1008   -420   -519
    608  -1012  -5504  -1024   -462   -506
    548  -1108  -5440  -1056   -448   -507
    468   -924  -5508  -1024   -460   -500
    640   -988  -5548  -1008   -437   -487
    532   -960  -5380  -1040   -424   -512
    544   -956  -5668   -992   -452   -517
    400  -1112  -5540   -992   -449   -549
    480  -1072  -5668  -1024   -431   -488
    600  -1044  -5648  -1040   -412   -537
    504  -1016  -5652  -1056   -442   -477
    488   -944  -5596  -1008   -455   -504
    548   -948  -5568  -1040   -431   -514
    504   -952  -5464  -1056   -430   -493
    484   -968  -5512  -1024   -471   -523
    404   -960  -5620  -1072   -376   -516
    652  -1052  -5644   -976   -418   -484
    668  -1068  -5604  -1056   -386   -462
    640   -804  -5608  -1040   -410   -475
    468  -1028  -5452  -1024   -408   -466
    584   -976  -5548  -1008   -394   -465
    536   -932  -5624  -1040   -409   -459
    476  -1084  -5696  -1024   -433   -435
    484   -916  -5584  -1024   -462   -389
    684   -960  -5712  -1008   -454   -435
    568   -992  -5560  -1040   -444   -452
    220   -908  -5476  -1024   -407   -434
    372  -1056  -5600  -1024   -414   -468
    672  -1072  -5768  -1024   -460   -447
    600   -616  -5252  -1072   -424   -464
   -144  -1008  -5408  -1040   -417   -452
    860  -1228  -5896  -1024   -407   -433
    464   -860  -5704  -1024   -448   -478
    600  -1016  -5336   -976   -441   -443
    632   -976  -5760  -1024   -438   -496
    596  -1148  -5496   -992   -457   -506
    480   -964  -5656  -1056   -426   -491
    480   -872  -5520  -1056   -450   -474
    732   -908  -5664  -1072   -389   -520
    604   -968  -5420  -1024   -394   -497
    700   -936  -5484   -992   -441   -502
    560  -1020  -5524  -1024   -475   -497
    640   -980  -5476  -1008   -498   -505
    348  -1072  -5568  -1008   -419   -524
    508  -1080  -5440  -1024   -393   -530
    656  -1048  -5420   -992   -389   -560