    740  -1028  -5496   -736   -494   -391
    536   -936  -5336   -688   -505   -390
    520   -936  -5336   -768   -458   -394
    556   -872  -5504   -688   -366   -425
    568   -960  -5416   -704   -295   -467
    632  -1068  -5328   -720   -324   -530
    628  -1044  -5632   -736   -441   -531
    512  -1068  -5568   -768   -530   -514
    452   -908  -5564   -720   -507   -444
    448   -828  -5428   -736   -385   -378
    792   -940  -5816   -720   -269   -421
    764  -1088  -5552   -720   -303   -473
    580  -1176  -5488   -784   -370   -509
    688  -1112  -5380   -720   -511   -544
    432   -888  -5600   -768   -505   -551
    396   -700  -5628   -800   -431   -494
    336   -924  -5748   -768   -319   -480
    680   -964  -5660   -768   -314   -436
    472  -1020  -5524   -736   -434   -439
    504  -1232  -5488   -752   -521   -514
    604   -916  -5692   -784   -563   -487
    524   -904  -5468   -752   -490   -510
    488  -1004  -5840   -704   -440   -487
    484  -1028  -5532   -784   -376   -476
    476  -1080  -5544   -768   -460   -429
    452  -1192  -5576   -704   -546   -474
    316  -1024  -5576   -768   -605   -454
    460   -872  -5708   -736   -551   -457
    452   -784  -5500   -784   -415   -487
    540   -980  -5596   -752   -392   -491
    596  -1028  -5568   -704   -395   -515
    572  -1132  -5736   -784   -465   -485
    488  -1100  -5460   -768   -515   -470
    632   -856  -5476   -784   -511   -469
    472   -816  -5628   -736   -412   -465
    580   -948  -5504   -768   -336   -495
    644   -924  -5552   -752   -313   -525
    560  -1120  -5596   -784   -387   -519
    608  -1060  -5548   -720   -497   -467
    516   -932  -5380   -800   -516   -441
    448   -804  -5500   -720   -463   -419
    488   -772  -5468   -784   -350   -467
    704  -1036  -5460   -752   -342   -462
    620  -1036  -5568   -768   -413   -521
    408  -1016  -5716   -752   -486   -502
    644  -1068  -5540   -736   -496   -508
    356   -932  -5564   -768   -486   -443
    364   -900  -5820   -784   -392   -433
    344  -1032  -5596   -752   -349   -428
    156  -1108  -5616   -704   -376   -492
    264  -1172  -5744   -784   -480   -456
    296  -1232  -5632   -800   -595   -497
    284   -928  -5604   -768   -616   -480
    524   -880  -5588   -784   -558   -398
    832   -708  -5768   -768   -447   -341
    908   -904  -5652   -800   -313   -338
   1076   -724  -5544   -800   -330   -368
   1108   -960  -5340   -800   -359   -402
    540  -1104  -5300   -752   -455   -357
   2656   -936  -5540   -816   -440   -534
   1020    320  -5520   -736   -276   -469
   -248   -556  -5248   -784   -142   -514
   -184   -880  -5532   -768   -201   -414
   -128  -1640  -5660   -752   -327   -425
    184  -1432  -5636   -800   -468   -390
    556  -1216  -5668   -784   -583   -388
   -604   -720  -5720   -752   -540   -441
   -196   -944  -5556   -720   -502   -503
    376  -1328  -5748   -752   -492   -460
     92  -1032  -5620   -832   -545   -470
    432  -1164  -5648   -768   -638   -484
    708  -1028  -5652   -784   -612   -469
    696   -576  -5520   -784   -531   -434
    928   -780  -5348   -768   -417   -512
   1088   -928  -5528   -768   -250   -482
    840  -1148  -5392   -768   -307   -493
    648   -840  -5012   -752   -355   -572
   1376   -396  -5744   -752   -398   -602
    500   -980  -5488   -832   -350   -503
    916  -1256  -5960   -832   -360    -72
    192   -516  -5148   -784   -298   -471
    260   -512  -5268   -800   -380   -485
    672  -1360  -5924   -816   -437   -638
    504  -1176  -5832   -784   -484   -496
    272   -872  -5288   -784   -531   -447
     24  -1168  -5528   -752   -524   -420
     72   -984  -5840   -832   -492   -439
    436   -916  -5744   -816   -424   -520
    496  -1108  -5184   -800   -444   -521
   1024  -1304  -5332   -816   -533   -472
    908  -1076  -5600   -800   -514   -409
    564   -900  -5616   -784   -451   -418
    820   -936  -5552   -816   -322   -353
    952   -960  -5396   -752   -296   -384
    960   -856  -5476   -784   -273   -432
    348   -696  -5588   -768   -318   -471
    188   -676  -5344   -800   -390   -526
    416   -880  -5684   -784   -385   -492
   1068  -1388  -6044   -784   -362   -458
    448   -968  -5368   -848   -248   -388
    548  -1008  -6100   -800   -367   -262
    320  -1216  -5308   -832   -459   -335
    412  -1188  -5508   -784   -536   -427
    164  -1116  -5488   -768   -535   -432
    192  -1192  -5596   -816   -531   -417
    620   -888  -5600   -768   -449   -414
    384   -960  -5592   -736   -445   -502
    740   -984  -5824   -768   -480   -457
    832   -732  -5680   -768   -483   -431
    896   -692  -5232   -784   -493   -465
    988   -780  -5356   -800   -412   -443
   1012   -924  -5500   -816   -329   -481
    856   -952  -5332   -768   -259   -502
    796   -988  -5548   -800   -335   -485
    236  -1092  -5464   -784   -347   -526
    532  -1068  -5816   -800   -373   -481
    300   -920  -5552   -752   -369   -473
  -1464   -876  -5904   -848   -254   -702
   -928  -1616  -5656   -768   -440   -397
   1112  -1828  -6180   -816   -459   -488
    292  -1368  -5500   -832   -453   -505
    176   -904  -5680   -800   -541   -551
    284  -1104  -5740   -800   -556   -557
    636  -1004  -5628   -752   -539   -516
    680   -844  -5608   -816   -473   -487
    904   -928  -5480   -832   -430   -526
    380   -956  -5008   -784   -383   -551
   1184   -992  -5000   -800   -379   -527
    892  -1000  -5620   -768   -396   -502
    608   -784  -5464   -832   -349   -502
    624   -928  -5488   -784   -316   -486
    604   -956  -5632   -848   -285   -480
    500  -1200  -5832   -784   -341   -463
    464  -1096  -5812   -848   -373   -484
    488  -1040  -5532   -800   -411   -471
    688   -908  -5912   -816   -419   -433
    924  -1064  -5352   -832   -475   -462
    -36  -1260  -5808   -816   -468   -434
    328   -908  -5412   -832   -516   -374
    596  -1040  -5400   -784   -489   -412
    768  -1192  -5628   -768   -535   -402
    472   -872  -5620   -784   -521   -420
    432   -952  -5476   -800   -493   -437
    800   -884  -5520   -816   -408   -398
    736  -1016  -5312   -832   -400   -395
    752   -884  -5496   -848   -363   -431
    964   -988  -5520   -832   -355   -406
    728   -844  -5488   -768   -374   -430
    548   -816  -5772   -832   -402   -455
    536  -1012  -5512   -832   -379   -489
    384  -1024  -5572   -800   -329   -446
    344  -1060  -5780   -848   -343   -464
    492  -1572  -5556   -800   -373   -467
   -560  -1092  -6028   -816   -514   -404
    152   -796  -5728   -800   -528   -455
    120   -968  -5936   -864   -450   -541
    224  -1040  -5620   -800   -491   -480
    504  -1032  -5596   -784   -467   -509
    832  -1104  -5608   -848   -510   -516
    692   -972  -5480   -800   -528   -516
    712   -992  -5476   -832   -456   -509
    628   -944  -5392   -832   -424   -529
    916   -904  -5432   -832   -343   -464
    904   -984  -5564   -832   -311   -535
    800   -936  -5580   -816   -356   -562
    716   -940  -5532   -816   -394   -551
    412   -860  -5724   -880   -388   -536
    612   -768  -5532   -832   -373   -507
    376  -1076  -5488   -784   -336   -473
    236   -912  -5320   -832   -380   -514
    160  -1164  -5820   -816   -400   -378
    892  -1332  -5472   -784   -499   -461
    420  -1152  -5512   -816   -512   -455
    108  -1068  -5668   -800   -522   -498
    408  -1072  -5580   -880   -500   -486
    480   -908  -5424   -816   -462   -454
    736   -972  -5700   -832   -505   -426
    756   -856  -5548   -832   -468   -445
    664   -812  -5612   -800   -477   -457
    768   -736  -5536   -848   -381   -432
    860   -904  -5340   -816   -368   -396
    832   -888  -5544   -816   -353   -428
    904  -1000  -5400   -832   -377   -433
    484   -960  -5568   -832   -366   -411
    540   -964  -5712   -832   -374   -397
    380  -1012  -5492   -816   -381   -382
    452  -1072  -5356   -800   -389   -471
    704   -924  -5600   -848   -416   -520
     96  -1060  -5668   -816   -461   -438
    252  -1104  -5644   -816   -452   -454
    480  -1088  -5520   -800   -492   -422
    428   -940  -5432   -816   -517   -437
    648   -896  -5800   -832   -526   -455
    636   -920  -5468   -880   -522   -471
    676   -880  -5552   -832   -430   -488
    708  -1012  -5380   -880   -435   -492
    804  -1104  -5596   -800   -419   -505
    776   -860  -5648   -848   -396   -509
    800   -900  -5364   -832   -368   -502
    556   -696  -5456   -832   -330   -553
    732   -956  -5436   -880   -333   -524
    628  -1008  -5568   -816   -332   -549
    588   -988  -5572   -848   -358   -537
    404   -984  -5632   -800   -380   -521
    264   -876  -5612   -864   -438   -494
    256  -1224  -5392   -864   -476   -484
    252  -1136  -5528   -848   -437   -480
    304  -1008  -5560   -896   -446   -530
    520  -1056  -5492   -784   -471   -525
    476  -1036  -5596   -800   -533   -508
    320  -1060  -5620   -848   -510   -531
    560  -1000  -5548   -816   -485   -498
    780   -952  -5608   -816   -439   -453
    700   -960  -5520   -816   -401   -456
    708   -856  -5532   -800   -407   -454
    716  -1048  -5464   -848   -428   -449
    704   -884  -5476   -832   -360   -448
    684  -1004  -5596   -848   -373   -450
    568   -908  -5620   -800   -353   -442
    396   -948  -5468   -848   -361   -465
    448   -964  -5620   -832   -360   -425
    348  -1116  -5508   -816   -400   -446
    804   -732  -5912   -816   -449   -381
    352  -1036  -5660   -816   -503   -358
    464  -1040  -5692   -816   -472   -413
    496   -832  -5764   -880   -482   -432
    464  -1012  -5452   -800   -464   -436
    428  -1108  -5524   -800   -475   -409
    596  -1028  -5684   -848   -500   -416
    524   -932  -5452   -832   -495   -404
    740   -948  -5648   -848   -407   -389
    716  -1012  -5328   -864   -391   -424
    648  -1052  -5368   -832   -386   -446
    760   -908  -5516   -848   -383   -478
    720  -1124  -5704   -816   -402   -483
    488   -944  -5656   -848   -402   -487
    564   -980  -5620   -848   -399   -503
    476   -976  -5784   -816   -383   -469
    400  -1000  -5492   -816   -363   -491
   -220   -656  -5144   -864   -458   -613
    516   -848  -5764   -832   -482   -552
    240  -1052  -5532   -896   -502   -537
    336   -872  -5516   -864   -451   -512
    360   -964  -5532   -848   -473   -509
    640   -984  -5632   -848   -436   -499
    588  -1028  -5560   -816   -475   -522
    768   -932  -5580   -848   -479   -543
    712   -888  -5472   -848   -459   -530
    720   -872  -5540   -816   -450   -496
    684   -996  -5580   -816   -365   -530
    576  -1028  -5464   -832   -358   -504
    672  -1000  -5356   -832   -387   -502
    600   -984  -5340   -832   -442   -502
    676   -984  -5460   -816   -438   -502
    524   -996  -5480   -864   -415   -461
    412   -936  -5504   -816   -355   -470
    412   -968  -5760   -848   -404   -429
    436  -1120  -5716   -880   -446   -450
    304   -900  -5560   -832   -463   -422
    276  -1000  -5628   -816   -495   -427
    284   -948  -5720   -880   -478   -428
    416  -1060  -5692   -832   -485   -417
    552   -928  -5560   -800   -443   -415
    692   -868  -5496   -896   -516   -461
    728   -956  -5784   -832   -462   -466
    804   -900  -5720   -816   -483   -424
    692   -880  -5480   -816   -399   -407
    748  -1044  -5460   -880   -387   -382
    732   -900  -5620   -832   -367   -435
    620  -1004  -5608   -848   -347   -419
    624   -968  -5180   -864   -390   -413
    388   -972  -5588   -880   -430   -431
    468   -976  -5700   -864   -393   -457
    480  -1072  -5820   -848   -428   -445
    468  -1084  -5596   -832   -403   -454
    328  -1116  -5564   -848   -461   -451
    224  -1076  -5508   -848   -461   -451
    360  -1004  -5680   -848   -487   -488
    364   -952  -5560   -832   -494   -488
    468  -1020  -5584   -848   -456   -524
    740   -964  -5836   -832   -428   -511
    628   -972  -5496   -832   -457   -536
    696  -1012  -5476   -832   -423   -487
    756   -928  -5660   -864   -403   -499
    760   -988  -5364   -848   -399   -498
    724  -1060  -5480   -848   -372   -533
    768  -1024  -5320   -832   -390   -543
    580   -888  -5712   -848   -385   -548
    548   -896  -5536   -848   -393   -542
    436   -964  -5592   -848   -399   -495
    296   -956  -5344   -816   -432   -514
    420   -936  -5876   -864   -436   -516
    368   -976  -5576   -800   -453   -507
    224  -1028  -5712   -864   -465   -525
    432   -996  -5504   -864   -464   -493
    568  -1032  -5604   -896   -480   -484
    460  -1080  -5516   -880   -433   -473
    496  -1072  -5552   -816   -497   -469
    732  -1004  -5588   -848   -487   -459
    760  -1040  -5516   -848   -419   -447
    672   -980  -5492   -832   -418   -440
    760  -1000  -5464   -896   -420   -456
    820   -840  -5752   -832   -404   -434
    724   -996  -5608   -848   -376   -419
    624  -1012  -5680   -816   -364   -398
    564   -940  -5652   -848   -386   -416
    508  -1040  -5452   -832   -360   -444
    472   -984  -5328   -848   -397   -455
    328  -1012  -5532   -848   -401   -429
    212   -980  -5492   -864   -462   -432
    316   -896  -5664   -896   -418   -464
    404   -976  -5672   -880   -475   -385
    372   -936  -5532   -864   -468   -430
    640  -1044  -5432   -848   -472   -419
    476  -1008  -5480   -832   -487   -497
    632   -984  -5492   -880   -465   -446
    596  -1000  -5628   -864   -464   -466
    656   -820  -5548   -848   -391   -466
    768   -944  -5704   -864   -382   -445
    748   -988  -5576   -816   -410   -499
    692  -1000  -5368   -864   -410   -518
    652  -1000  -5680   -880   -444   -507
    556   -968  -5440   -864   -391   -511
    624   -896  -5672   -848   -376   -522
    420   -860  -5676   -864   -389   -531
    144  -1176  -5624   -848   -412   -539
    508  -1108  -5680   -832   -424   -515
    524  -1036  -5532   -848   -457   -478
    416   -980  -5592   -848   -454   -505
    348   -956  -5420   -848   -438   -513
    400  -1052  -5672   -864   -430   -522
    500  -1124  -5652   -864   -406   -531
    676  -1172  -5508   -896   -456   -502
    688   -992  -5648   -832   -460   -501
    644   -956  -5580   -912   -478   -511
    624   -948  -5668   -864   -386   -453
    616   -972  -5492   -896   -398   -496
    840  -1008  -5432   -832   -374   -484
    816   -964  -5616   -880   -398   -455
    716  -1004  -5604   -848   -392   -456
    540   -968  -5708   -880   -398   -479
    516   -984  -5524   -864   -423   -437
    520   -976  -5432   -896   -377   -478
    380   -964  -5508   -864   -454   -454
    456  -1076  -5752   -880   -427   -442
    376   -940  -5616   -864   -468   -414
    372  -1004  -5696   -896   -500   -424
    532  -1028  -5560   -928   -476   -408
    580   -968  -5680   -816   -440   -435
    652  -1044  -5524   -912   -430   -469
    688  -1072  -5692   -816   -464   -415
    568   -856  -5544   -880   -438   -427
    752   -904  -5596   -928   -440   -434
    696   -976  -5352   -896   -392   -458
    612   -944  -5336   -896   -392   -451
    628  -1024  -5536   -880   -388   -466
    592  -1060  -5616   -832   -380   -474
    472  -1016  -5560   -880   -427   -478
    448   -956  -5612   -864   -388   -481
    488   -848  -5464   -912   -391   -485
    576  -1024  -5460   -848   -413   -492
    388   -968  -5472   -880   -459   -489
    400  -1096  -5588   -864   -478   -509
    436  -1044  -5632   -896   -460   -527
    376   -928  -5596   -864   -463   -523
    572  -1000  -5728   -912   -467   -523
    476   -888  -5656   -912   -448   -513
    524   -992  -5448   -880   -430   -506
    504  -1072  -5700   -928   -426   -482
    816   -920  -5724   -864   -456   -524
    580   -992  -5552   -864   -417   -523
    612   -964  -5564   -880   -421   -522
    680  -1064  -5668   -912   -420   -497
    564   -872  -5728   -848   -390   -502
    532   -888  -5624   -880   -385   -528
    380  -1148  -5644   -864   -371   -498
    424   -968  -5656   -912   -432   -497
    428   -968  -5400   -848   -443   -457
    368  -1080  -5556   -880   -413   -478
    364  -1084  -5660   -864   -438   -496
    364  -1008  -5560   -896   -474   -492
    344  -1052  -5676   -880   -472   -444
    508   -920  -5624   -896   -452   -430
    480  -1020  -5448   -912   -468   -427
    752  -1024  -5684   -864   -456   -426
    640   -804  -5456   -896   -474   -423
    620   -880  -5604   -864   -420   -433
    572   -852  -5748   -864   -427   -413
    732   -984  -5692   -864   -413   -412
    644   -924  -5600   -912   -436   -415
    688   -908  -5596   -880   -400   -432
    596   -912  -5596   -864   -390   -410
    512   -992  -5428   -960   -392   -432
    572   -916  -5604   -896   -388   -457
    552   -912  -5504   -832   -423   -455
    556  -1036  -5476   -880   -435   -414
    480   -968  -5696   -880   -460   -436
    368   -960  -5448   -880   -469   -448
    388  -1024  -5516   -864   -453   -466
    572  -1048  -5468   -880   -435   -475
    552   -984  -5764   -896   -466   -507
    388   -924  -5524   -880   -422   -481
    696   -940  -5588   -912   -450   -487
    616   -872  -5520   -880   -395   -495
    432   -916  -5716   -896   -393   -475
    808   -908  -5448   -896   -425   -489
    716   -904  -5564   -912   -399   -555
    644   -972  -5552   -880   -394   -548
    828   -928  -5488   -880   -396   -536
    528   -856  -5768   -896   -366   -543
    404  -1052  -5536   -928   -365   -512
    448   -972  -5628   -912   -397   -514
    328  -1100  -5512   -912   -434   -521
    500   -868  -5560   -880   -454   -517
    352   -948  -5572   -880   -432   -498
    428   -992  -5576   -880   -431   -483
    712  -1044  -5488   -912   -455   -508
    536   -924  -5668   -896   -470   -492
    480  -1012  -5632   -896   -449   -486
    532   -940  -5612   -928   -456   -454
    448   -964  -5316   -880   -490   -484
    640   -868  -5604   -864   -423   -465
    540  -1020  -5428   -912   -402   -443
    840   -976  -5600   -864   -394   -461
    696  -1024  -5468   -928   -379   -439
    592  -1024  -5508   -912   -414   -456
    444   -976  -5580   -912   -444   -427
    496  -1104  -5592   -912   -426   -406
    436  -1036  -5756   -896   -409   -426
    472   -920  -5652   -928   -407   -428
    344  -1048  -5376   -896   -427   -436
    380   -976  -5584   -912   -442   -405
    544  -1024  -5588   -880   -455   -424
    440  -1060  -5464   -944   -465   -427
    544  -1084  -5620   -880   -402   -417
    572   -944  -5680   -928   -440   -466
    408  -1032  -5620   -912   -425   -462
    768   -996  -5544   -848   -416   -448
    752  -1116  -5556   -912   -393   -464
    632  -1072  -5620   -896   -423   -494
    692   -932  -5532   -864   -385   -483
    548   -960  -5540   -896   -425   -470
    688  -1036  -5612   -896   -372   -501
    516  -1004  -5428   -912   -398   -525
    436   -948  -5664   -880   -373   -497
    472  -1028  -5604   -896   -438   -510
    400   -884  -5672   -896   -387   -512
    408  -1080  -5524   -864   -429   -506
    472  -1000  -5432   -880   -442   -502
    444   -972  -5596   -912   -417   -499
    524   -972  -5532   -944   -442   -532
    388  -1104  -5600   -912   -435   -517
    492  -1040  -5784   -896   -447   -520
    780  -1152  -5548   -912   -461   -481
    632  -1020  -5584   -848   -461   -500
    668   -912  -5516   -912   -421   -504
    620   -944  -5704   -880   -418   -488
    708   -960  -5460   -896   -449   -470
    552   -968  -5540   -912   -414   -502
    668   -952  -5412   -928   -393   -504
    356   -892  -5460   -864   -392   -477
    448   -980  -5640   -912   -398   -455
    540   -880  -5376   -912   -383   -416
    504  -1036  -5616   -912   -436   -438
    500  -1036  -5452   -896   -458   -435
    536   -976  -5652   -880   -443   -441
    416  -1036  -5424   -896   -449   -430
    448  -1096  -5660   -944   -428   -447
    480  -1104  -5492   -912   -442   -433
    580  -1012  -5704   -944   -454   -460
    512  -1008  -5376   -944   -474   -418
    620   -940  -5340   -896   -434   -435
    452  -1108  -5620   -960   -434   -427
    636   -904  -5588   -896   -417   -406
    760  -1020  -5604   -912   -422   -411
    668  -1016  -5556   -944   -409   -453
    564   -868  -5564   -960   -415   -423
    716   -968  -5380   -928   -376   -480
    520   -920  -5608   -896   -400   -428
    540   -972  -5392   -912   -402   -456
    480   -880  -5540   -896   -405   -475
    400  -1116  -5564   -928   -446   -480
    296   -984  -5684   -928   -441   -495
    420  -1056  -5544   -928   -455   -482
    448  -1048  -5556   -912   -413   -507
    540   -936  -5536   -912   -456   -510
    452  -1132  -5456   -896   -432   -505
    520   -964  -5668   -928   -459   -510
    532  -1060  -5676   -912   -463   -509
    728  -1144  -5552   -912   -429   -529
    640  -1020  -5688   -896   -432   -502
    600   -940  -5556   -976   -400   -511
    664   -996  -5608   -912   -430   -518
    736   -980  -5460   -912   -421   -510
    516  -1028  -5708   -928   -420   -517
    660  -1140  -5720   -896   -390   -530
    636  -1036  -5564   -912   -416   -474
    432   -904  -5656   -896   -422   -507
    464  -1092  -5536   -912   -417   -488
    408  -1020  -5412   -912   -422   -481
    436  -1136  -5532   -912   -429   -507
    568  -1024  -5652   -928   -460   -462
    468  -1140  -5432   -928   -465   -458
    412  -1088  -5504   -944   -472   -421
    480   -904  -5636   -912   -456   -432
    668   -824  -5528   -912   -481   -469
    636  -1080  -5444   -896   -482   -448
    484  -1060  -5620   -928   -449   -420
    568  -1024  -5664   -880   -433   -418
    696  -1008  -5436   -944   -410   -419
    676   -992  -5688   -912   -425   -414
    580  -1060  -5448   -912   -389   -429
    512  -1004  -5540   -928   -435   -449
    632  -1004  -5672   -928   -417   -429
    552  -1016  -5512   -912   -412   -413
    500   -956  -5652   -864   -410   -422
    672   -980  -5636   -944   -429   -426
    432   -992  -5600   -896   -416   -409
    480  -1144  -5312   -944   -425   -442
    612  -1132  -5572   -912   -475   -451
    464   -840  -5592   -944   -452   -434
    492   -960  -5584   -912   -456   -488
    468   -896  -5452   -944   -452   -461
    536   -932  -5464   -928   -438   -453
    644  -1016  -5576   -896   -408   -486
    636  -1032  -5604   -928   -457   -508
    608   -952  -5540   -928   -440   -501
    584  -1028  -5712   -944   -394   -480
    512  -1032  -5544   -944   -415   -499
    568   -936  -5360   -944   -379   -519
    720   -976  -5760   -912   -388   -490
    512  -1016  -5592   -928   -395   -555
    680   -952  -5464   -928   -424   -516
    624   -956  -5620   -880   -444   -528
    400   -948  -5648   -928   -461   -499
    396   -972  -5616   -912   -461   -492
    476   -936  -5660   -960   -453   -517
    460  -1012  -5508   -912   -485   -491
    472  -1120  -5532   -896   -478   -449
    712  -1008  -5432   -864   -459   -471
    660   -996  -5600   -880   -463   -472
    520  -1008  -5496   -928   -414   -476
    664   -952  -5604   -912   -457   -489
    708  -1004  -5616   -928   -447   -470
    712   -880  -5440   -912   -442   -454
    744   -844  -5592   -928   -442   -425
    612   -992  -5564   -928   -390   -470
    664   -976  -5404   -928   -416   -446
    588   -988  -5556   -912   -429   -441
    564  -1048  -5712   -912   -450   -469
    436  -1040  -5360   -944   -459   -426
    420   -984  -5700   -960   -441   -418
    552   -948  -5520   -896   -415   -409
    460  -1032  -5428   -976   -430   -424
    520  -1064  -5580   -912   -460   -438
    572  -1172  -5592   -912   -441   -469
    336   -880  -5600   -928   -471   -401
    460   -932  -5708   -912   -450   -468
    672   -852  -5624   -912   -440   -440
    560   -932  -5728   -944   -420   -446
    648   -864  -5620   -928   -431   -444
    604   -996  -5560   -960   -435   -451
    604   -972  -5588   -976   -426   -491
    656  -1008  -5428   -944   -405   -441
    540  -1040  -5444   -912   -403   -490
    664   -904  -5528   -960   -362   -512
    448  -1052  -5524   -960   -380   -499
    496   -924  -5576   -976   -404   -484
    636   -912  -5628   -896   -423   -523
    408  -1028  -5696   -944   -395   -535
    476  -1112  -5640   -928   -424   -502
    368  -1000  -5576   -992   -431   -512
    472   -984  -5572   -912   -455   -555
    604  -1008  -5488   -976   -435   -479
    412  -1056  -5584   -944   -447   -492
    596   -988  -5396   -896   -432   -463
    520  -1060  -5572   -928   -442   -460
    568   -920  -5536   -912   -432   -499
    524   -952  -5552   -944   -412   -532
    720  -1104  -5564   -976   -445   -516
    536   -928  -5548   -928   -435   -487
    524   -976  -5500   -960   -391   -492
    604   -956  -5612   -944   -395   -490
    676  -1016  -5544   -928   -410   -472
    560  -1108  -5556   -960   -437   -473
    560   -964  -5584   -944   -426   -457
    536   -920  -5700   -912   -444   -446
    536   -952  -5568   -976   -463   -470
    548  -1100  -5580   -928   -463   -465
    496   -952  -5760   -960   -483   -436
    544  -1044  -5664   -912   -452   -481
    480   -980  -5628   -960   -458   -444
    568   -972  -5568   -912   -470   -448
    540  -1044  -5528   -928   -453   -445
    696   -900  -5572   -928   -456   -421
    636   -832  -5764   -976   -444   -437
    736   -928  -5404   -960   -398   -434
    752   -992  -5696   -928   -428   -470
    600   -964  -5552   -928   -413   -450
    592  -1020  -5468   -960   -391   -444
    516   -896  -5576   -912   -407   -469
    520   -984  -5568   -960   -397   -461
    560   -980  -5500   -896   -399   -461
    460  -1008  -5468   -944   -456   -462
    400  -1072  -5592   -960   -454   -505
    680   -944  -5728   -976   -445   -477
    492   -920  -5400   -992   -426   -500
    448   -892  -5556   -976   -454   -507
    560   -992  -5436   -928   -426   -511
    480   -960  -5612   -928   -438   -497
    500  -1044  -5588   -944   -434   -529
    572   -924  -5636   -992   -430   -529
    696   -816  -5680   -960   -404   -484
    620  -1060  -5624   -944   -403   -521
    588  -1112  -5476   -960   -389   -528
    576  -1028  -5348   -960   -378   -531
    604  -1108  -5476   -928   -413   -524
    760   -836  -5672   -944   -402   -513
    468   -952  -5600   -944   -431   -523
    524  -1000  -5656   -960   -406   -503
    500  -1020  -5440   -976   -421   -500
    368  -1016  -5672   -976   -432   -527
    372  -1072  -5368   -976   -450   -454
    388   -884  -5564   -960   -461   -465
    516   -952  -5524   -992   -484   -470
    632  -1088  -5652   -944   -438   -464
    512   -956  -5608   -944   -475   -457
    468   -924  -5604   -944   -411   -456
    484   -972  -5596   -960   -438   -460
    592   -972  -5556   -960   -446   -469
    596   -864  -5704   -912   -460   -457
    596  -1036  -5672   -960   -437   -457
    644  -1116  -5284   -976   -411   -424
    676   -988  -5484  -1008   -406   -440
    380   -888  -5544   -976   -410   -405
    588  -1044  -5536   -960   -385   -443
    656   -936  -5520   -928   -422   -424
    492   -980  -5628   -912   -417   -449
    468   -956  -5656   -928   -446   -417
    520  -1092  -5452   -992   -447   -415
    468   -952  -5604   -960   -431   -437
    500   -988  -5620   -976   -462   -433
    620  -1076  -5596   -976   -440   -482
    512   -904  -5332   -960   -411   -478
    596  -1048  -5544   -960   -455   -466
    512   -976  -5536   -992   -444   -510
    580   -928  -5416   -992   -378   -472
    572  -1096  -5516   -992   -396   -488
    616  -1060  -5664   -976   -413   -517
    568   -996  -5508   -960   -441   -507
    744   -828  -5764   -960   -418   -511
    620  -1012  -5624   -944   -416   -510
    484  -1084  -5620   -896   -389   -527
    508  -1144  -5580   -976   -405   -545
    616  -1088  -5424   -912   -408   -521
    480   -876  -5616   -960   -381   -522
    488   -952  -5516   -944   -469   -520
    496   -916  -5516   -992   -411   -516
    540  -1044  -5712   -912   -456   -513
    448  -1096  -5548   -976   -407   -498
    776  -1092  -5572   -960   -421   -504
    536   -844  -5764   -992   -462   -502
    608   -904  -5472   -960   -443   -504
    556   -968  -5476   -992   -388   -487
    564   -864  -5476   -976   -395   -499
    600  -1004  -5612   -992   -397   -477
    708   -988  -5556   -944   -451   -430
    624  -1064  -5632   -992   -482   -459
    648   -836  -5472   -992   -428   -419
    472   -952  -5600   -992   -412   -449
    516  -1088  -5496   -992   -400   -420
    504  -1088  -5736  -1008   -443   -482
    588   -952  -5468   -912   -451   -434
    416  -1068  -5664   -976   -449   -443
    372   -880  -5320   -976   -448   -407
    524   -948  -5680   -960   -424   -413
    572   -888  -5480   -944   -429   -426
    468   -944  -5516   -960   -448   -452
    432  -1096  -5652   -976   -469   -448
    680  -1020  -5552   -976   -479   -444
    500   -936  -5428   -944   -471   -446
    636  -1028  -5456   -944   -405   -456
    640  -1020  -5724   -960   -394   -452
    736   -908  -5572   -992   -395   -459
    628  -1032  -5572   -960   -433   -465
    564  -1076  -5600   -960   -432   -508
    524  -1036  -5452  -1008   -420   -491
    572   -860  -5436   -992   -402   -471
    540   -888  -5552   -944   -386   -483
    536   -896  -5556   -944   -413   -524
    460  -1000  -5480   -992   -422   -473
    416  -1036  -5368   -960   -477   -514
    628   -972  -5500   -960   -421   -507
    368   -980  -5764   -960   -402   -519
    452   -916  -5684   -944   -396   -519
    396  -1064  -5484   -976   -421   -495
    520   -980  -5512   -976   -461   -532
    508  -1108  -5352   -960   -466   -514
    560   -840  -5496  -1008   -446   -512
    520   -996  -5664   -912   -383   -497
    720   -944  -5584   -976   -424   -494
    708  -1000  -5620   -944   -390   -511
    604  -1048  -5584   -960   -413   -497
    472   -960  -5564   -992   -457   -514
    652   -932  -5408   -944   -463   -492
    596  -1024  -5528   -944   -450   -477
    576   -952  -5416   -944   -393   -457
    504  -1024  -5548   -944   -395   -446
    560  -1040  -5492   -960   -468   -455
    432  -1072  -5664   -960   -466   -426
    484  -1000  -5740   -928   -474   -448
    640   -972  -5580   -992   -436   -441
    544   -972  -5592   -944   -447   -400
    472   -968  -5344   -992   -421   -412
    596   -912  -5624   -976   -437   -444
    500  -1024  -5280   -960   -480   -433
    496   -880  -5464   -928   -492   -441
    492   -984  -5496   -944   -428   -464
    508   -964  -5372   -928   -423   -439
    624   -972  -5700   -944   -435   -442
    556   -956  -5788   -976   -397   -417
    612  -1060  -5564   -960   -424   -495
    576  -1032  -5540   -960   -444   -433
    440   -780  -5612   -976   -428   -476
    488   -892  -5640  -1008   -392   -480
    652   -864  -5456   -976   -389   -460
    404  -1044  -5624   -960   -443   -497
    448  -1068  -5396   -976   -481   -459
    648  -1068  -5476   -960   -457   -485
    548   -840  -5500   -960   -438   -476
    644   -940  -5384   -976   -412   -525
    544   -952  -5472   -960   -447   -530
    528  -1012  -5640  -1008   -433   -534
    684   -896  -5520   -944   -426   -543
    452  -1016  -5656   -960   -460   -516
    548   -880  -5392   -944   -452   -547
    624   -936  -5448  -1024   -390   -499
    540   -964  -5604  -1024   -392   -524
    620  -1048  -5484   -976   -374   -520
    660   -992  -5564   -992   -439   -530
    496  -1116  -5500  -1008   -441   -506
    492   -880  -5752   -992   -404   -506
    432  -1044  -5600   -992   -414   -483
    544   -988  -5668  -1008   -404   -494
    464  -1120  -5472   -944   -429   -482
    544  -1000  -5520   -944   -508   -496
    596  -1024  -5620   -960   -465   -487
    540   -864  -5704   -960   -500   -452
    444  -1068  -5476   -960   -451   -449
    556   -924  -5564   -976   -458   -453
    592  -1084  -5480   -976   -428   -442
    696  -1012  -5688   -992   -460   -430
    560   -944  -5444   -992   -453   -453
    496   -928  -5448   -976   -449   -465
    412   -980  -5532   -992   -437   -452
    532   -924  -5616   -960   -447   -469
    524   -928  -5604   -960   -450   -436
    468  -1040  -5596   -928   -426   -409
    540   -968  -5668   -976   -451   -456
    612  -1064  -5476   -960   -431   -440
    572   -984  -5344   -960   -412   -425
    492   -936  -5464   -944   -405   -434
    504   -992  -5508   -976   -441   -469
    404  -1048  -5520   -976   -461   -448
    488  -1036  -5688  -1008   -462   -485
    612  -1064  -5564   -992   -446   -430
    544   -848  -5708   -976   -420   -445
    576  -1044  -5768   -976   -379   -470
    628   -940  -5496  -1008   -393   -482
    544   -980  -5464  -1008   -391   -523
    504  -1020  -5520   -992   -417   -496
    488   -892  -5424   -992   -421   -459
    600   -816  -5712   -944   -431   -475
    468   -956  -5536   -944   -373   -491
    396  -1096  -5676   -976   -362   -517
    688  -1060  -5532   -960   -379   -537
    464   -988  -5440   -976   -423   -532
    568   -868  -5604   -944   -431   -516
    572   -988  -5732   -992   -415   -531
    388  -1000  -5772   -992   -401   -503
    548   -988  -5656   -992   -424   -477
    560  -1036  -5632   -912   -430   -520
    580   -984  -5588   -992   -489   -510
    568   -912  -5540   -960   -485   -499
    628   -912  -5436   -960   -440   -492
    452   -840  -5604   -976   -414   -466
    504  -1060  -5516   -976   -434   -494
    596   -908  -5472   -960   -431   -482
    660  -1084  -5756   -992   -471   -460
    620  -1008  -5592   -960   -479   -449
    708   -956  -5604   -992   -427   -450
    664  -1048  -5568   -976   -412   -462
    492  -1020  -5620   -960   -410   -473
    576  -1192  -5568   -992   -411   -492
    484   -984  -5532   -976   -454   -452
    464   -972  -5452   -928   -452   -445
    624  -1040  -5580  -1008   -487   -455
    664  -1048  -5608   -976   -465   -416
    488  -1108  -5388   -960   -397   -416
    656  -1000  -5648  -1008   -439   -465
    520   -948  -5428   -992   -447   -446
    476   -928  -5588   -960   -473   -462
    624  -1012  -5656  -1008   -433   -409
    676  -1040  -5548  -1008   -426   -463
    536   -892  -5376  -1008   -417   -427
    572   -980  -5428   -976   -420   -486
    676  -1016  -5592   -992   -418   -473
    444   -980  -5540  -1008   -398   -470
    508   -944  -5704   -960   -395   -484
    496   -964  -5692   -976   -422   -467
    540   -888  -5488  -1008   -392   -506
    512   -932  -5284   -976   -407   -472
    700  -1088  -5524   -960   -425   -532
    440   -900  -5544  -1008   -439   -487
    580  -1040  -5460   -960   -432   -510
    408   -944  -5624   -976   -451   -511
    492   -968  -5600   -976   -390   -522
    564  -1024  -5592  -1008   -444   -502
    524  -1032  -5516   -944   -424   -493
    556   -888  -5484   -992   -409   -502
    508   -992  -5516   -992   -443   -491
    684   -936  -5436   -960   -432   -513
    672   -976  -5452  -1024   -422   -509
    692   -952  -5556   -976   -398   -544
    580   -884  -5512   -944   -400   -522
    444  -1084  -5588   -960   -432   -499
    584  -1028  -5588  -1024   -472   -474
    540  -1016  -5572  -1056   -445   -456
    648  -1092  -5452   -992   -417   -471
    520  -1012  -5504   -992   -431   -478
    448  -1064  -5596  -1008   -463   -457
    484  -1072  -5568   -944   -489   -465
    520  -1012  -5312   -992   -460   -441
    596   -956  -5508   -992   -488   -427
    664  -1072  -5448   -976   -455   -429
    588   -976  -5568  -1040   -435   -420
    532  -1016  -5648  -1008   -457   -448
    532   -980  -5404   -960   -416   -472
    428  -1016  -5504   -992   -496   -469
    472  -1004  -5584   -976   -422   -417
    504  -1028  -5656   -976   -426   -442
    588   -908  -5460   -944   -438   -426
    604  -1112  -5460   -976   -380   -457
    624   -996  -5452  -1024   -462   -437
    528   -912  -5704  -1008   -414   -445
    532   -836  -5620   -992   -436   -465
    488  -1000  -5740   -976   -419   -477
    400   -964  -5600  -1040   -417   -457
    520  -1136  -5568   -992   -426   -482
    504  -1096  -5616   -944   -415   -459
    412   -972  -5436   -960   -433   -481
    600  -1044  -5512   -992   -418   -494
    568   -884  -5492   -976   -415   -504
    652   -936  -5584   -992   -416   -501
    604   -952  -5576   -976   -435   -521
    556  -1076  -5540   -960   -426   -485
    564   -888  -5800   -976   -402   -482
    500   -944  -5600   -992   -425   -484
    664  -1016  -5584  -1024   -396   -511
    456   -908  -5656   -976   -416   -528
    692  -1092  -5460   -992   -381   -540
    464   -904  -5624  -1024   -440   -541
    512   -808  -5432   -976   -412   -481
    584   -984  -5740   -976   -415   -501
    564   -944  -5576   -992   -418   -480
    536   -960  -5676  -1008   -406   -499
    456   -864  -5580   -992   -449   -515
    620   -940  -5604   -992   -448   -512
    472  -1096  -5612  -1008   -460   -491
    600   -856  -5616  -1040   -497   -501
    680  -1064  -5804  -1040   -451   -445
    604   -928  -5432   -976   -451   -443
    596  -1076  -5520  -1024   -422   -450
    680   -880  -5544   -976   -443   -455
    832  -1016  -5412  -1008   -412   -473
    508  -1148  -5748  -1008   -443   -489
    636  -1048  -5456  -1056   -463   -454
    672   -988  -5592   -976   -433   -439
    616   -984  -5536   -960   -419   -434
    640   -956  -5588  -1024   -430   -429
    656  -1076  -5248  -1008   -451   -442
    400   -936  -5340  -1040   -458   -446
    444  -1004  -5652  -1008   -461   -445
    556   -976  -5760   -976   -438   -439
    528  -1004  -5436   -992   -471   -466
    516   -948  -5532  -1008   -459   -466
    536   -956  -5484  -1008   -453   -461
    680   -940  -5584   -976   -446   -469
    476  -1040  -5716   -992   -444   -476
    580   -912  -5616  -1024   -452   -477
    628  -1020  -5528  -1008   -414   -487
    464   -992  -5328  -1008   -396   -499
    692  -1048  -5516   -992   -460   -491
    680   -932  -5584   -976   -400   -521
    588  -1040  -5556  -1024   -430   -490
    632  -1048  -5608  -1008   -381   -516
    464   -976  -5488  -1008   -396   -531
    492  -1096  -5700   -992   -407   -514
    612  -1044  -5832   -992   -413   -502
    584   -960  -5884   -960   -408   -500
    512  -1060  -5428  -1008   -444   -518
    480   -980  -5440  -1024   -430   -477
    504  -1048  -5656   -992   -412   -492
    552  -1096  -5648  -1008   -441   -534
    532   -932  -5616  -1008   -412   -491
    756   -900  -5588   -960   -412   -492
    512  -1036  -5448   -992   -441   -485
    668   -888  -5508  -1024   -418   -483
    448   -880  -5508  -1008   -424   -481
    704  -1000  -5504  -1040   -425   -492
    460   -976  -5692   -992   -465   -445
    580  -1036  -5612   -992   -424   -479
    608  -1072  -5560   -992   -437   -470
    552   -968  -5620  -1040   -435   -471
    480  -1000  -5520  -1008   -441   -458
    588  -1072  -5484  -1024   -437   -453
    620   -896  -5536  -1008   -453   -449
    588  -1100  -5604   -976   -468   -464
    588   -956  -5592   -992   -463   -437
    512  -1120  -5600  -1040   -454   -430
    528  -1004  -5536   -976   -454   -471
    500  -1028  -5512  -1024   -418   -440
    552  -1120  -5568  -1024   -453   -439
    492   -952  -5688   -976   -461   -444
    504  -1068  -5656  -1008   -452   -450
    572   -892  -5472   -960   -459   -450
    568   -952  -5356  -1024   -450   -463
    628   -996  -5584  -1024   -429   -463
    528  -1048  -5368  -1040   -415   -467
    696   -960  -5532  -1024   -432   -447
    504   -880  -5580   -992   -407   -511
    380   -980  -5464  -1008   -405   -484
    684  -1020  -5420  -1008   -385   -479
    536   -976  -5492  -1024   -427   -475
    620  -1128  -5588  -1056   -457   -489
    504   -992  -5624  -1040   -444   -505
    544  -1032  -5672   -960   -401   -468
    576   -960  -5776   -976   -441   -524
    556   -780  -5684  -1024   -408   -509
    604   -924  -5760  -1056   -416   -528
    736   -844  -5556  -1072   -424   -472
    488   -948  -5600  -1008   -427   -495
    812   -952  -5520   -992   -443   -530
    684   -980  -5508  -1024   -442   -511
    496   -944  -5488   -992   -408   -510
    604  -1056  -5480   -992   -400   -514
    532  -1060  -5380   -976   -405   -511
    532  -1016  -5404  -1056   -418   -486
    432   -996  -5608  -1056   -454   -473
    628  -1132  -5544  -1008   -434   -513
    524  -1044  -5640  -1024   -431   -525
    460  -1088  -5568   -992   -445   -494
    548  -1040  -5564  -1040   -456   -439
    544  -1024  -5776   -976   -429   -456
    500   -984  -5516  -1056   -451   -450
    568  -1096  -5568  -1040   -460   -469
    548   -952  -5344  -1072   -461   -438
    536   -920  -5660  -1008   -430   -454
    512   -952  -5804  -1040   -461   -443
    572  -1068  -5444  -1024   -436   -449
    520  -1156  -5604   -992   -477   -404
    600   -988  -5584  -1040   -437   -426
    596  -1060  -5596  -1040   -443   -431
    468  -1016  -5500  -1040   -430   -441
    676   -988  -5580  -1008   -431   -456
    496   -944  -5340  -1024   -428   -454
    416  -1072  -5688  -1040   -414   -459
    496   -904  -5532  -1008   -421   -456
    400   -960  -5428  -1024   -415   -473
    500  -1000  -5476  -1024   -441   -481
    556   -936  -5528   -992   -454   -485
    504  -1032  -5588  -1040   -446   -484
    484  -1116  -5596  -1024   -455   -470
    492   -852  -5436   -992   -444   -504
    680  -1112  -5552  -1024   -435   -469
    428   -984  -5568  -1008   -409   -493
    820  -1128  -5712  -1008   -448   -469
    492   -936  -5520  -1008   -425   -463
    512   -968  -5612  -1056   -380   -512
    388   -956  -5484  -1008   -429   -529
    672   -988  -5524   -976   -410   -520
    468   -980  -5676   -992   -420   -510
    464   -856  -5612   -976   -394   -501
    604   -904  -5548  -1008   -411   -511
    592   -996  -5580  -1024   -425   -527
    596   -956  -5452  -1024   -419   -489
    456  -1000  -5516  -1024   -458   -473
    572  -1096  -5424  -1008   -405   -490
    512  -1020  -5680  -1024   -463   -490
    500  -1068  -5504  -1024   -436   -469
    484  -1116  -5592   -976   -441   -463
    664  -1004  -5812  -1024   -445   -475
    492   -972  -5652  -1040   -417   -466
    556  -1016  -5516  -1024   -410   -458
    584  -1000  -5564  -1056   -463   -454
    480   -928  -5436  -1040   -439   -444
    604   -916  -5724  -1040   -456   -480
    532   -984  -5480  -1008   -410   -465
    772   -944  -5384  -1056   -467   -454
    616  -1088  -5580  -1024   -452   -434
    468  -1028  -5700  -1040   -443   -436
    620  -1064  -5648  -1008   -436   -449
    508   -900  -5504   -992   -452   -440
    400   -948  -5556  -1024   -443   -427
    588   -912  -5628  -1024   -438   -435
    516  -1080  -5660  -1040   -459   -420
    564   -936  -5452  -1024   -439   -447
    464  -1048  -5552  -1056   -425   -456
    612  -1008  -5672  -1040   -472   -466
    500  -1068  -5668  -1056   -428   -436
    552  -1052  -5500  -1008   -427   -501
    720  -1016  -5500  -1024   -416   -492
    560  -1088  -5612   -992   -442   -471
    704  -1008  -5520  -1056   -414   -483
    680   -924  -5220  -1024   -389   -448
    708   -788  -5720  -1008   -417   -500
    552  -1032  -5416  -1024   -409   -492
    564   -912  -5800  -1008   -408   -489
    552  -1044  -5532  -1024   -385   -523
    656   -940  -5608  -1024   -391   -488
    452   -864  -5488  -1024   -414   -515
    372  -1040  -5516  -1040   -416   -501
    364   -916  -5596  -1008   -416   -507
    496  -1052  -5692  -1056   -429   -493
    584   -908  -5812  -1024   -387   -527
    600  -1000  -5560  -1008   -404   -523
    644   -912  -5720  -1056   -424   -474
    592   -948  -5744  -1008   -406   -489
    552   -952  -5480  -1056   -452   -476
    756  -1076  -5712  -1040   -457   -501
    600  -1036  -5608   -960   -445   -512
    620  -1008  -5660  -1088   -425   -472
    500  -1044  -5668   -976   -462   -475
    464  -1028  -5476  -1040   -442   -438
    588  -1076  -5276  -1040   -471   -468
    616  -1104  -5560  -1024   -442   -420
    536   -988  -5580  -1008   -463   -485
    488  -1092  -5456  -1040   -443   -435
    436  -1128  -5572  -1008   -434   -455
    516  -1108  -5632   -992   -452   -437
    556  -1016  -5732  -1024   -450   -423
    432  -1040  -5792  -1040   -431   -417
    620  -1072  -5444  -1024   -467   -445
    484   -896  -5476  -1040   -466   -426
    580  -1012  -5432   -992   -469   -444
    404   -896  -5600  -1056   -448   -444
    424   -992  -5680  -1072   -455   -419
    656   -908  -5588  -1040   -453   -448
    588  -1004  -5704  -1072   -440   -452
    644  -1000  -5436  -1024   -410   -484
    696   -912  -5444  -1040   -441   -464
    628   -968  -5632  -1008   -444   -491
    580  -1052  -5472  -1040   -417   -448
    376  -1060  -5680   -992   -405   -498
    528  -1004  -5556  -1008   -408   -457
    416  -1040  -5732  -1024   -397   -510
    700   -976  -5636  -1008   -452   -493
    488   -960  -5512  -1040   -438   -497
    616  -1052  -5480  -1088   -428   -500
    584  -1228  -5576  -1040   -409   -508
    432   -984  -5484  -1024   -389   -523
    460   -996  -5492  -1040   -440   -485
    744  -1040  -5664  -1024   -426   -480
    628   -992  -5516  -1056   -430   -506
    664  -1052  -5448  -1024   -396   -492
    516   -964  -5540   -992   -418   -518
    484   -984  -5400  -1008   -424   -504
    692   -976  -5704  -1088   -373   -492
    556  -1040  -5692  -1024   -411   -532
    504   -992  -5636  -1056   -413   -478
    636  -1112  -5512  -1008   -468   -484
    448  -1088  -5480  -1040   -427   -503
    528  -1044  -5796  -1024   -447   -453
    564   -944  -5620  -1008   -449   -454
    560  -1064  -5564  -1040   -476   -465
    400   -968  -5640  -1008   -459   -472
    536  -1132  -5652  -1072   -475   -483
    556  -1092  -5708  -1056   -504   -466
    604   -844  -5512  -1024   -454   -459
    564  -1052  -5528  -1008   -491   -446
    540   -976  -5296  -1056   -461   -442
    628   -920  -5592  -1024   -454   -454
    688   -972  -5300  -1040   -449   -456
    520   -996  -5364  -1088   -435   -447
    600  -1004  -5528  -1040   -431   -449
    556  -1004  -5560  -1024   -452   -435
    524   -908  -5644  -1056   -410   -464
    508  -1048  -5452  -1040   -420   -432
    492   -896  -5408  -1056   -462   -455
    548  -1036  -5500  -1088   -419   -442
    500   -820  -5540  -1056   -424   -443
    412  -1028  -5572  -1024   -460   -476
    624   -992  -5628  -1008   -419   -468
    584   -940  -5492  -1072   -434   -484
    568  -1052  -5724  -1008   -427   -496
    468  -1052  -5492  -1056   -473   -460
    508  -1108  -5528  -1024   -454   -472
    472  -1016  -5688  -1008   -438   -492
    616  -1084  -5564  -1056   -429   -478
    540  -1012  -5496  -1008   -427   -502
    672   -972  -5556  -1040   -418   -508
    548   -972  -5520  -1056   -438   -489
    704  -1000  -5600  -1040   -421   -482
    512   -892  -5584   -976   -404   -527
    444  -1100  -5508  -1040   -418   -482
    580   -868  -5516  -1024   -391   -469
    708   -892  -5768  -1088   -421   -470
    516   -924  -5532  -1040   -402   -512
    536  -1084  -5700  -1104   -419   -513
    484  -1080  -5560  -1040   -391   -510
    628  -1020  -5656  -1056   -425   -487
    504   -980  -5360  -1024   -472   -483
    480  -1044  -5568  -1008   -449   -464
    492  -1040  -5564  -1056   -438   -457
    596   -892  -5512  -1040   -420   -455
    668  -1072  -5688  -1088   -484   -477
    448   -996  -5400  -1056   -446   -477
    484   -860  -5612  -1056   -474   -470
    524  -1076  -5376  -1024   -441   -448
    672  -1012  -5536  -1040   -418   -450
    588   -984  -5572  -1040   -457   -450
    472   -992  -5648  -1024   -475   -429
    440  -1128  -5420  -1072   -435   -442
    544   -996  -5644  -1072   -420   -459
    516   -920  -5644  -1040   -442   -441
    544   -928  -5720  -1072   -447   -452
    540  -1040  -5396  -1056   -443   -420
    484  -1000  -5536  -1024   -475   -461
    620  -1032  -5484  -1072   -455   -446
    460  -1012  -5312  -1024   -459   -468
    640   -988  -5680  -1088   -440   -426
    636   -932  -5468  -1024   -472   -466
    608   -964  -5648  -1024   -447   -465
    736   -980  -5472  -1040   -427   -452
    632   -960  -5520  -1072   -431   -467
    508   -936  -5736  -1056   -453   -455
    720  -1048  -5636  -1088   -389   -469
    508   -968  -5456  -1072   -400   -482
    440   -820  -5404  -1024   -388   -493
    484  -1056  -5688  -1040   -421   -471
    608   -924  -5668  -1056   -429   -498
    560  -1016  -5740  -1056   -403   -493
    544  -1108  -5524  -1056   -426   -494
    488   -976  -5680  -1056   -423   -508
    552   -944  -5592  -1040   -413   -511
    516   -980  -5580  -1056   -395   -504
    416  -1072  -5464  -1056   -418   -524
    520   -952  -5524  -1040   -398   -478
    592  -1016  -5616  -1088   -431   -485
    560  -1076  -5436  -1056   -439   -509
    544  -1016  -5708  -1024   -414   -478
    604  -1084  -5640  -1072   -419   -493
    576  -1024  -5432  -1056   -441   -475
    552   -944  -5640  -1056   -444   -480
    588  -1012  -5500  -1040   -416   -462
    648   -972  -5516  -1008   -412   -478
    536   -952  -5624  -1072   -458   -437
    584  -1020  -5732  -1008   -477   -462
    508  -1068  -5548  -1024   -425   -459
    564   -948  -5544  -1056   -438   -450
    552   -964  -5528  -1040   -496   -424
    648  -1020  -5428  -1008   -474   -454
    468  -1000  -5404  -1056   -436   -463
    608   -928  -5596  -1056   -443   -442
    576  -1092  -5724  -1024   -447   -468
    392   -808  -5372  -1024   -451   -479
    448   -956  -5620  -1072   -446   -450
    592  -1036  -5632  -1040   -486   -449
    688   -988  -5480  -1040   -459   -461
    476   -940  -5408  -1040   -438   -475
    692  -1080  -5556  -1072   -466   -457
    732   -976  -5448  -1056   -412   -489
    504  -1200  -5444  -1040   -462   -458
    528  -1112  -5772  -1008   -415   -510
    500  -1004  -5568  -1088   -403   -494
    556  -1008  -5516  -1056   -418   -469
    564  -1056  -5296  -1040   -450   -480
    644   -920  -5580  -1024   -375   -494
    588  -1048  -5424  -1040   -415   -469
    532   -980  -5716  -1008   -390   -474
    460   -992  -5744  -1056   -434   -470
    584   -980  -5696  -1056   -427   -488
    556   -992  -5604  -1072   -432   -510
    616   -952  -5516  -1024   -447   -500
    588   -908  -5688  -1008   -376   -507
    556  -1108  -5636  -1072   -418   -481
    512   -888  -5328  -1088   -405   -487
    664  -1044  -5596  -1072   -439   -512
    444  -1068  -5544  -1104   -409   -473
    620  -1120  -5600  -1072   -413   -493
    480   -952  -5480  -1040   -422   -483
    648   -996  -5612  -1040   -414   -519
    540  -1012  -5512  -1024   -439   -519
    548   -888  -5812  -1056   -442   -473
    484   -928  -5496  -1040   -444   -483
    480   -888  -5604  -1072   -456   -457
    476   -940  -5292  -1056   -457   -468
    596   -880  -5608  -1024   -436   -459
    600  -1084  -5476  -1072   -428   -494
    508  -1032  -5660  -1072   -494   -472
    436   -792  -5356  -1040   -458   -456
    672   -920  -5684  -1040   -478   -449
    608  -1076  -5316  -1056   -445   -420
    536   -940  -5472  -1056   -461   -428
    544  -1000  -5532  -1072   -463   -439
    636   -844  -5804  -1040   -447   -446
    512   -984  -5672  -1056   -451   -442
    484   -992  -5436  -1040   -469   -438
    600  -1004  -5736  -1072   -434   -474
    700  -1044  -5660  -1024   -420   -463
    592   -948  -5540  -1056   -459   -458
    456   -956  -5652  -1040   -459   -471
    528   -988  -5536  -1040   -427   -447
    524   -960  -5336  -1056   -449   -442
    520  -1096  -5452  -1088   -414   -467
    648  -1064  -5344  -1072   -460   -479
    436   -956  -5476  -1040   -449   -459
    692   -992  -5716  -1056   -409   -497
    488   -920  -5496  -1056   -461   -473
    680   -856  -5548   -992   -421   -453
    580   -960  -5636  -1024   -449   -492
    552   -968  -5420  -1056   -389   -504
    564   -976  -5564  -1040   -397   -489
    600  -1004  -5536  -1056   -419   -509
    584   -988  -5548  -1056   -408   -499
    532  -1016  -5516  -1072   -428   -518
    620   -940  -5528  -1056   -424   -487
    548   -964  -5572  -1072   -405   -488
    696  -1112  -5560  -1056   -398   -487
    552  -1100  -5480  -1056   -411   -478
    728  -1144  -5456  -1072   -424   -486
    720   -960  -5388  -1040   -431   -509
    480  -1088  -5572  -1008   -449   -481
    420   -936  -5712  -1056   -425   -481
    564   -924  -5408  -1056   -427   -486
    532   -956  -5528  -1040   -479   -506
    488   -964  -5572  -1072   -443   -482
    520  -1036  -5476  -1072   -426   -458
    672  -1024  -5604  -1056   -432   -455
    528   -956  -5424  -1056   -471   -455
    672   -952  -5588  -1024   -424   -434
    652   -968  -5408  -1072   -443   -434
    524  -1016  -5380  -1072   -448   -460
    636  -1092  -5468  -1056   -473   -454
    560  -1000  -5524  -1056   -450   -464
    404  -1116  -5480  -1024   -430   -449
    572   -952  -5632  -1040   -451   -449
    664  -1052  -5244  -1072   -442   -394
    396   -920  -5620  -1056   -457   -425
    496  -1052  -5380  -1088   -463   -458
    792   -952  -5540  -1024   -451   -494
    600   -932  -5488  -1088   -461   -462
    468   -988  -5572  -1104   -487   -477
    460   -972  -5692  -1072   -435   -456
    660   -888  -5500  -1056   -423   -483
    552  -1040  -5508  -1056   -427   -472
    600   -848  -5568  -1056   -413   -472
    708   -940  -5476  -1088   -422   -502
    616   -940  -5300  -1056   -430   -476
    644   -880  -5644  -1072   -433   -487
    612   -960  -5212  -1040   -404   -496
    524   -924  -5516  -1056   -440   -456
    544   -988  -5580  -1088   -449   -485
    524  -1036  -5704  -1072   -404   -474
    552  -1136  -5656  -1072   -396   -492
    604   -960  -5508  -1024   -407   -499
    756   -948  -5476  -1072   -408   -529
    756   -976  -5540  -1056   -405   -505
    468  -1008  -5552  -1040   -432   -480
    544   -896  -5552  -1072   -427   -464
    584   -916  -5472  -1056   -442   -513
    788  -1028  -5616  -1056   -448   -503
    636  -1064  -5440  -1104   -410   -477
    616   -932  -5536  -1040   -396   -484
    664   -888  -5600  -1056   -449   -480
    404  -1108  -5444  -1024   -433   -480
    532  -1124  -5512  -1072   -412   -480
    584   -984  -5468  -1040   -423   -476
    424  -1004  -5552  -1040   -417   -444
    496  -1068  -5440  -1088   -468   -454
    516  -1040  -5624  -1056   -393   -463
    636  -1012  -5384  -1072   -429   -488
    448   -952  -5648  -1008   -473   -465
    512  -1108  -5788  -1024   -458   -466
    444  -1152  -5388  -1024   -452   -442
    480  -1048  -5512  -1040   -491   -454