   2788    872  -5036  -1200   -232   -560
   2788    996  -5004  -1200   -256   -604
   2892    804  -4972  -1232   -264   -581
   2848    840  -4972  -1232   -251   -570
   2808    920  -5148  -1200   -173   -576
   2760    940  -4868  -1184   -138   -580
   2940    888  -5008  -1232   -143   -606
   2976    944  -4820  -1184   -127   -584
   2880    792  -4972  -1200   -141   -510
   3092    740  -4908  -1184   -175   -431
   2972    868  -4980  -1200   -203   -414
   3200    732  -5016  -1200   -130   -509
   3040    968  -4908  -1184    -65   -566
   2848    988  -4932  -1200    -55   -659
   2764   1152  -4892  -1168   -178   -529
   2960    912  -4984  -1200   -263   -389
   2872   1000  -5104  -1200   -309   -283
   2848   1028  -4736  -1216   -289   -281
   3056    964  -4732  -1232   -224   -418
   2720   1056  -4968  -1184   -194   -509
   2732    916  -5104  -1184   -299   -532
   2812    876  -4852  -1216   -293   -500
   2836   1012  -4816  -1184   -258   -450
   2748   1028  -5100  -1232   -161   -445
   3132    824  -4596  -1216    -52   -361
   3040    864  -5112  -1232     29   -379
   2860    692  -4916  -1168   -111   -439
   2888    748  -4892  -1200   -279   -496
   3116   1196  -4996  -1264   -374   -613
   3012   1216  -5032  -1184   -384   -567
   3000   1204  -4896  -1216   -287   -506
   2972    964  -4912  -1184    -81   -553
   2584    760  -5196  -1168    -28   -544
   2620    452  -5104  -1216   -257   -526
   2684    352  -5312  -1248   -805   -411
   2500    784  -4892  -1168   -901   -259
   2364    796  -5012  -1232   -257    -71
   2496   1140  -4916  -1200    683    138
   2548   1340  -5244  -1216   1211    413
   2744   1284  -5096  -1200   1044    692
   2836   1040  -4968  -1216    376    712
   3040   1228  -4708  -1216   -195    426
   3184   1616  -4592  -1216   -317   -100
   3144   1732  -4568  -1168    -46   -691
   2884   1256  -4812  -1232    302   -811
   2844   1564  -4848  -1216    409   -591
   2904   1972  -5212  -1216    156    -98
   3344   1828  -5108  -1216   -321     26
   2980   1196  -5156  -1200   -854   -256
   3432   1680  -4588  -1232   -699   -874
   2780   1340  -4432  -1248   -570  -1796
   3096   1432  -5024  -1232   -575  -2185
   2764   1268  -5164  -1248   -808  -1795
   2608   1180  -5280  -1200  -1020  -1097
   2676   1064  -5212  -1216   -947   -499
   2764   1060  -4864  -1232   -581   -369
   2740    900  -4764  -1200    -58   -693
   2988    796  -5044  -1232    128  -1128
   2856    908  -5064  -1248    -46  -1285
   2544    548  -5296  -1216   -498  -1069
   2696    820  -5472  -1280   -649   -437
   2468   1032  -5072  -1264   -249    179
   2456   1104  -4988  -1200    408    564
   2696   1000  -4852  -1216   1052    569
   2776    784  -5092  -1184   1195    351
   2820    984  -4964  -1216    747    102
   2832   1160  -5000  -1184    -26     26
   2856   1416  -4868  -1232   -447     -9
   2828   1632  -4784  -1232   -356      1
   2788   1648  -4760  -1248    254     -6
   3032   1928  -4788  -1248    772    -20
   3564   1312  -5144  -1216    692    -95
   3564   1368  -5140  -1232    121   -137
   3416   1516  -4628  -1264   -520   -436
   3132   1436  -4588  -1232  -1069   -987
   3032   1512  -4492  -1248  -1032  -1479
   3048   1552  -4728  -1216   -750  -1725
   2672   1680  -4976  -1264   -436  -1615
   2720   1428  -5116  -1232   -409  -1192
   2808   1232  -5340  -1216   -667   -802
   2760   1104  -4948  -1184   -961   -743
   2900   1068  -4752  -1232  -1056  -1003
   2820    920  -4712  -1200   -884  -1516
   2504    936  -4972  -1264   -562  -1765
   2524   1044  -5300  -1248   -303  -1514
   2580    700  -5488  -1216   -241   -828
   2328   1004  -5296  -1216   -224     52
   2580    512  -5132  -1184    -81    480
   2580    668  -4952  -1200    264    403
   2600    748  -4808  -1216    572     44
   2684    788  -4972  -1200    603   -352
   2776   1092  -5028  -1216    375   -364
   2388   1184  -5360  -1200    136      8
   2796   1356  -5160  -1248    108    558
   2844   1456  -4984  -1216    320    897
   3032   1496  -4800  -1232    664    833
   3312   1540  -4600  -1168    835    376
   2904   1348  -4612  -1264    583   -195
   3376   1576  -4628  -1232     73   -680
   3072   1548  -4964  -1216   -557   -780
   3432   1780  -4516  -1200   -714   -670
   2916   1648  -4736  -1248   -586   -626
   3056   1968  -4656  -1216   -179   -698
   2916   1596  -4696  -1232     34   -839
   3088   1260  -4772  -1216   -161  -1008
   3076   1236  -5024  -1232   -708  -1227
   2884   1248  -4808  -1280  -1302  -1414
   2616   1144  -5136  -1248  -1442  -1552
   2652   1264  -4868  -1248  -1101  -1584
   2568   1056  -4972  -1184   -568  -1397
   2600   1088  -5052  -1232   -137  -1026
   2492   1000  -5300  -1216    -45   -607
   2564    532  -5100  -1232   -269   -290
   2960    872  -4860  -1216   -495   -280
   2672    484  -5120  -1264   -559   -426
   2748    848  -5036  -1216   -283   -701
   2592    900  -5016  -1216    100   -648
   2524   1064  -5088  -1248    413   -282
   2588   1172  -5488  -1216    488    327
   2900   1220  -4980  -1232    320    789
   2912   1216  -4764  -1232    219    808
   3116   1220  -4668  -1232    257    388
   3012   1216  -4708  -1216    371   -218
   3128   1436  -4780  -1232    308   -608
   2872   1548  -4820  -1216    113   -533
   2768   1380  -5172  -1248   -150   -196
   3120   1708  -4984  -1264   -253    130
   3372   1540  -4696  -1232   -138    147
   3180   1596  -4536  -1264     27   -185
   3116   1408  -4776  -1216     24   -794
   2856   1324  -4872  -1248   -296  -1233
   2988   1244  -4984  -1264   -751  -1371
   2708   1416  -5132  -1312  -1023  -1217
   2792   1496  -4936  -1200   -949   -939
   2684   1204  -5008  -1264   -574   -767
   2656   1136  -4972  -1184   -104   -754
   2624    888  -4940  -1216     50   -896
   2720    828  -5028  -1248   -202   -977
   2824    892  -4888  -1232   -661   -983
   2396    760  -5180  -1264   -923   -870
   2700   1244  -5016  -1248   -639   -750
   2440    916  -5044  -1264   -131   -517
   2816   1108  -5252  -1248    390   -288
   2716   1060  -4968  -1248    544    -29
   2804    972  -4920  -1248    305    141
   2928    944  -5096  -1232    -24    110
   2956   1144  -4944  -1232   -257   -112
   2928   1376  -4840  -1248   -153   -340
   3028   1424  -4860  -1264     97   -449
   2864   1440  -4968  -1248    323   -336
   2952   1536  -5004  -1280    297    -75
   3052   1360  -4996  -1280     52    152
   3432   1668  -4800  -1264   -175    148
   3236   1396  -4632  -1296   -342   -224
   3252   1480  -4584  -1280   -327   -743
   3100   1340  -4828  -1296   -333  -1160
   2876   1516  -4908  -1216   -422  -1168
   2800   1296  -5220  -1216   -586   -896
   2880   1440  -5108  -1280   -690   -533
   2884   1132  -4800  -1248   -585   -393
   2928   1184  -4824  -1248   -390   -598
   2984   1108  -4884  -1264   -227   -903
   2856    980  -4848  -1200   -283  -1129
   2788    820  -5016  -1232   -503  -1160
   2692    872  -4884  -1264   -606   -926
   2436    796  -5372  -1296   -494   -491
   2728   1044  -5080  -1248   -159   -236
   2596    996  -4928  -1248    229   -123
   2688    888  -5068  -1264    471   -133
   2688    956  -5060  -1280    391   -233
   2824    996  -4924  -1264     51   -294
   2656   1068  -5120  -1216   -212   -244
   2680   1228  -5016  -1296   -163   -148
   2796   1508  -5124  -1216    138   -117
   2844   1420  -4780  -1232    449    -75
   2984   1496  -4836  -1280    528    -36
   2864   1436  -4880  -1280    277   -100
   2988   1380  -4724  -1232   -109   -204
   3072   1548  -4684  -1296   -445   -477
   3108   1544  -4844  -1264   -530   -800
   2904   1476  -4792  -1248   -360  -1010
   3124   1504  -4928  -1280   -248  -1025
   2824   1384  -4964  -1248   -285   -843
   3024   1268  -5076  -1248   -416   -660
   3092   1320  -4840  -1264   -630   -606
   2876   1304  -4720  -1248   -758   -771
   3092   1276  -4892  -1200   -735  -1118
   2744   1196  -4960  -1216   -631  -1329
   2764   1172  -5072  -1248   -521  -1274
   2652   1036  -5236  -1264   -475   -898
   2560   1112  -5104  -1248   -396   -483
   2732    960  -5104  -1264   -337   -164
   2636   1000  -5064  -1264   -123   -144
   2700    904  -4856  -1264     91   -309
   2648    732  -4964  -1216    182   -468
   2644   1008  -4912  -1280     65   -450
   2564   1048  -5020  -1264     22   -250
   2768   1044  -4988  -1248     34     46
   2504   1232  -4788  -1232    215    276
   2900   1192  -4944  -1232    450    353
   2952   1216  -4804  -1280    573    212
   2896   1160  -4880  -1280    508    -39
   3068   1400  -5052  -1280    152   -285
   2904   1360  -4840  -1264   -118   -407
   2996   1588  -4852  -1280   -324   -428
   2900   1596  -5068  -1264   -253   -476
   2940   1532  -4732  -1232    -17   -529
   2972   1508  -4780  -1280     37   -587
   3132   1344  -4944  -1248   -100   -709
   2960   1452  -4820  -1280   -457   -841
   3096   1360  -4844  -1248   -748   -991
   2784   1312  -4840  -1264   -873  -1198
   2608   1216  -4752  -1280   -733  -1351
   2792   1328  -5140  -1264   -563  -1277
   2648   1208  -5092  -1232   -423  -1069
   2744   1148  -5132  -1232   -411   -816
   2516    916  -5008  -1248   -474   -610
   2704    948  -4988  -1216   -521   -574
   2904    776  -4884  -1248   -467   -700
   2648    872  -4780  -1248   -317   -769
   2688   1056  -5024  -1248   -136   -716
   2516    848  -5320  -1264    -17   -454
   2724   1120  -5012  -1248     44    -41
   2688   1132  -5032  -1296     84    237
   2792   1008  -5028  -1296    195    359
   2872   1136  -4744  -1248    272    202
   2920   1260  -4840  -1280    331    -94
   3048   1244  -5128  -1248    288   -218
   2828   1288  -4992  -1264     60   -192
   2908   1540  -5008  -1280    -73    -41
   2732   1464  -4932  -1232   -114     91
   3040   1520  -4804  -1264     -9     15
   3012   1484  -4808  -1232    123   -168
   3188   1352  -4996  -1296     90   -472
   3016   1280  -4876  -1280   -151   -715
   2860   1336  -4984  -1264   -439   -859
   2960   1300  -4988  -1280   -660   -889
   2956   1392  -5028  -1248   -691   -907
   2784   1332  -5052  -1216   -447   -905
   2764   1308  -5076  -1248   -243   -924
   2672   1176  -5164  -1232   -176   -908
   2812   1092  -5132  -1328   -355   -943
   2748    912  -5364  -1296   -580   -935
   2864    984  -5008  -1248   -726   -920
   2644   1104  -5180  -1232   -577   -906
   2712   1024  -5020  -1280   -274   -848
   2464   1008  -5092  -1280      9   -675
   2580    916  -5040  -1232    119   -392
   2760   1080  -5044  -1216     24   -158
   2752    988  -4900  -1280    -77    -86
   2784    980  -5076  -1280   -133   -151
   2992   1104  -4852  -1264    -37   -313
   2772   1196  -4900  -1280    122   -398
   2764   1324  -5048  -1264    151   -320
   2668   1388  -4872  -1280    154    -97
   2936   1256  -4804  -1280     14     85
   2944   1380  -4924  -1200   -149     88
   3180   1504  -4880  -1280   -128    -80
   3012   1308  -4752  -1296   -106   -421
   2996   1376  -4864  -1248   -129   -660
   2872   1440  -4784  -1296   -253   -772
   2984   1372  -4976  -1296   -458   -668
   2948   1324  -4960  -1264   -539   -520
   3004   1256  -4896  -1248   -497   -468
   2960   1180  -4932  -1280   -334   -582
   2808   1176  -5004  -1248   -197   -789
   2788   1240  -5112  -1264   -251   -912
   2672   1140  -5004  -1264   -444   -936
   2700   1076  -4872  -1264   -578   -852
   2704   1028  -4924  -1280   -568   -702
   2656   1048  -5080  -1248   -314   -551
   2596   1132  -5032  -1264      7   -493
   2696   1044  -5044  -1280    184   -448
   2620   1076  -5056  -1264    152   -435
   2644    848  -5008  -1264    -66   -397
   2780    924  -5028  -1248   -183   -343
   2664   1144  -4956  -1232   -136   -311
   2628   1144  -4948  -1312     45   -313
   2720   1252  -4768  -1264    280   -300
   2876   1336  -4952  -1264    339   -201
   2916   1324  -5096  -1296    229   -155
   2992   1364  -4820  -1296    -54   -145
   3056   1260  -4880  -1280   -219   -298
   3108   1384  -4672  -1296   -279   -529
   2944   1404  -4796  -1280   -229   -737
   2812   1560  -4716  -1296   -191   -796
   2836   1416  -5016  -1280   -238   -696
   2916   1448  -4740  -1264   -384   -556
   2876   1340  -4908  -1312   -494   -514
   3020   1296  -4780  -1280   -563   -618
   2976   1248  -4980  -1280   -518   -817
   2832   1172  -4824  -1296   -475  -1021
   2636   1128  -4796  -1296   -466  -1070
   2712   1176  -5060  -1264   -484   -884
   2700   1132  -5004  -1264   -485   -580
   2792   1100  -4908  -1280   -415   -380
   2868    996  -5136  -1264   -263   -307
   2792    892  -4948  -1264    -54   -409
   2648   1028  -4760  -1232     59   -504
   2764    928  -4888  -1280    -24   -494
   2600    968  -4924  -1296    -96   -340
   2644   1004  -4968  -1280   -119   -153
   2660   1152  -5096  -1264     15    -20
   2732   1264  -4880  -1264    288     49
   2916   1144  -4812  -1280    409     -6
   2796   1184  -5008  -1248    406   -105
   2652   1164  -4948  -1232    207   -226
   2848   1240  -4844  -1264    -26   -293
   2836   1344  -4908  -1248   -195   -373
   2884   1472  -4768  -1280   -176   -489
   2928   1444  -4732  -1280    -47   -539
   2900   1556  -4980  -1264     35   -590
   2944   1328  -5020  -1296    -53   -607
   3084   1324  -4928  -1248   -300   -677
   3100   1288  -4968  -1248   -516   -809
   2824   1352  -4776  -1248   -669   -986
   2848   1240  -4848  -1264   -616  -1117
   2920   1372  -4984  -1312   -491  -1168
   2860   1148  -5004  -1264   -419  -1036
   2896   1120  -5008  -1248   -435   -837
   2800   1156  -5008  -1264   -483   -661
   2912   1084  -5164  -1264   -523   -560
   2856    884  -4976  -1312   -452   -659
   2812    956  -4896  -1296   -320   -733
   2880    964  -5032  -1280   -206   -697
   2836   1064  -5140  -1280   -139   -490
   2604   1000  -5212  -1296   -119   -247
   2680   1052  -5144  -1280    -50     33
   2788   1084  -5044  -1232     15    156
   2772   1140  -4704  -1296    132     85
   2868   1172  -5052  -1264    237    -57
   2908   1272  -5100  -1280    206   -165
   2912   1172  -5044  -1296    104   -168
   2776   1168  -4936  -1248    -34   -118
   2924   1448  -4996  -1312    -98    -38
   2832   1384  -4964  -1312    -16    -46
   3024   1492  -4812  -1280    112   -186
   2820   1328  -4856  -1264    100   -348
   3052   1244  -4968  -1264    -77   -562
   3016   1240  -4996  -1280   -302   -685
   2940   1368  -4860  -1280   -503   -799
   2684   1372  -4804  -1264   -531   -835
   2868   1420  -4796  -1264   -391   -911
   2832   1208  -5056  -1248   -309   -927
   2864   1124  -5120  -1312   -288   -923
   2836   1212  -5012  -1216   -369   -905
   2708   1180  -5216  -1328   -522   -909
   2788   1004  -4972  -1296   -623   -919
   2844    980  -4960  -1264   -494   -921
   2640   1112  -4948  -1328   -303   -888
   2652   1040  -5236  -1280   -174   -762
   2648    972  -4928  -1264    -66   -535
   2748   1004  -5048  -1248    -86   -318
   2656   1052  -4932  -1232   -131   -196
   2992   1160  -4940  -1312   -146   -241
   2944   1104  -4904  -1232    -50   -311
   2832   1300  -5012  -1264     43   -352
   2908   1184  -4956  -1280     86   -293
   2676   1304  -5132  -1280     79   -124
   2928   1284  -5040  -1280     -3     42
   2708   1276  -4908  -1280    -14     70
   2920   1344  -4752  -1232    -73    -29
   3068   1356  -4896  -1296    -39   -277
   3068   1376  -4808  -1312    -72   -508
   2936   1256  -4768  -1280   -207   -603
   2972   1452  -4988  -1296   -329   -553
   2852   1436  -5196  -1328   -408   -487
   2856   1320  -4932  -1264   -416   -447
   3052   1300  -4952  -1296   -298   -554
   2820   1232  -5028  -1312   -262   -683
   2792   1108  -4928  -1264   -291   -838
   2836   1148  -4872  -1280   -425   -856
   2728   1048  -4992  -1328   -547   -864
   2644   1152  -4956  -1280   -495   -749
   2508   1172  -4952  -1296   -342   -676
   2784   1104  -5100  -1248   -134   -600
   2512    988  -5044  -1296     13   -575
   2648    928  -4920  -1312      0   -532
   2812   1028  -5104  -1312   -101   -486
   2684   1052  -5016  -1344   -168   -455
   2736   1044  -5116  -1344   -181   -475
   2660   1084  -4920  -1296    -28   -406
   2712   1072  -4868  -1328    146   -399
   2816   1188  -5016  -1264    249   -313
   2748   1156  -4880  -1312    154   -214
   3104   1292  -4848  -1296    -17   -190
   2968   1368  -4912  -1280   -126   -284
   2916   1364  -4892  -1296   -169   -441
   2964   1280  -4804  -1296   -147   -596
   2968   1388  -4900  -1328   -158   -663
   2768   1536  -4908  -1280   -202   -593
   2848   1336  -5176  -1312   -324   -478
   2944   1380  -4912  -1296   -384   -480
   3036   1404  -4600  -1312   -408   -512
   2744   1224  -4856  -1296   -419   -689
   2768   1396  -4880  -1248   -400   -821
   2916   1176  -5060  -1280   -441   -892
   2868   1200  -5016  -1280   -497   -745
   2756   1200  -4960  -1264   -468   -599
   2640   1152  -5052  -1280   -417   -461
   2820    884  -4972  -1296   -312   -414
   2860    928  -4880  -1248   -138   -446
   2756    924  -5016  -1280    -72   -504
   2716    932  -4984  -1296    -83   -497
   2564   1032  -5044  -1296   -162   -419
   2724   1016  -5156  -1296   -153   -272
   2760   1064  -4916  -1280    -30   -166
   2756   1132  -5000  -1280    159   -111
   2800   1264  -4764  -1296    281   -127
   2872   1168  -5052  -1296    259   -175
   2788   1176  -5084  -1296    149   -251
   2908   1220  -5072  -1312     -9   -316
   2864   1276  -4616  -1248   -138   -405
   2896   1364  -4752  -1312   -102   -488
   2820   1536  -4808  -1232    -18   -557
   2988   1248  -4840  -1296     36   -551
   2944   1424  -4996  -1264    -46   -582
   2928   1384  -4992  -1312   -239   -610
   3072   1360  -4644  -1280   -419   -720
   2940   1344  -4876  -1296   -502   -858
   3060   1380  -4796  -1312   -480   -980
   2952   1388  -4696  -1264   -413  -1011
   2936   1284  -5232  -1296   -435   -979
   2780   1200  -4984  -1264   -419   -805
   2744   1028  -5032  -1296   -480   -701
   2788   1172  -4868  -1296   -470   -594
   2812   1112  -4884  -1280   -404   -605
   2960   1068  -4844  -1280   -316   -701
   2628   1044  -4968  -1312   -246   -655
   2716    980  -5036  -1296   -197   -503
   2576   1000  -4988  -1312   -151   -289
   2880    944  -5068  -1328    -92   -121
   2752   1016  -4928  -1280      3      4
   2732   1004  -4816  -1312    118     -1
   2748   1040  -4748  -1296    182   -114
   2788   1136  -4912  -1296    115   -207
   2852   1328  -4996  -1296     61   -137
   2804   1200  -4948  -1312    -30   -129
   2900   1324  -5124  -1296    -34    -98
   2952   1404  -5068  -1312     17    -95
   2728   1392  -4816  -1264     99   -226
   2760   1320  -4868  -1264     67   -356
   2896   1324  -4840  -1280    -55   -541
   2932   1524  -5076  -1344   -273   -652
   2932   1228  -4776  -1280   -421   -755
   2944   1476  -4912  -1328   -459   -820
   2864   1308  -4840  -1344   -340   -878
   2880   1420  -4888  -1280   -279   -885
   2696   1228  -4912  -1312   -259   -895
   2828   1296  -5064  -1328   -351   -846
   2772   1060  -4820  -1296   -502   -918
   2776   1128  -4892  -1280   -525   -912
   2860   1008  -4952  -1344   -497   -930
   2844   1016  -5072  -1296   -334   -879
   2776    936  -5056  -1312   -207   -785
   2752   1164  -5128  -1344   -141   -617
   2700   1064  -5032  -1296   -169   -386
   2648    924  -4888  -1328   -141   -258
   2732   1052  -4696  -1328   -140   -257
   2840   1076  -4960  -1312    -52   -290
   2768   1060  -4940  -1264      4   -336
   2720   1196  -4944  -1296     66   -311
   2804   1288  -5168  -1328     59   -155
   2828   1268  -4804  -1328    -23    -15
   2920   1332  -4792  -1280    -17     30
   3160   1316  -5064  -1248    -23    -33
   2976   1304  -4724  -1376    -27   -211
   3028   1284  -4788  -1232    -59   -397
   2932   1376  -4860  -1328   -186   -461
   2896   1488  -4972  -1280   -310   -518
   2924   1400  -4784  -1344   -398   -449
   2876   1268  -4916  -1312   -350   -475
   2964   1392  -4808  -1296   -291   -508
   2924   1152  -4936  -1264   -271   -675
   3004   1288  -4784  -1296   -304   -799
   2868   1244  -4984  -1296   -393   -822
   2744   1112  -4896  -1312   -510   -833
   2752   1228  -5040  -1296   -510   -798
   2764   1224  -4928  -1296   -379   -769
   2748   1056  -5096  -1360   -180   -702
   2680   1048  -5144  -1312   -101   -641
   2716   1136  -5184  -1312   -125   -587
   2836   1028  -4956  -1280   -155   -542
   2904   1056  -4992  -1328   -182   -516
   2880   1120  -5024  -1296   -151   -493
   2712   1172  -4928  -1248    -56   -508
   2784   1108  -5028  -1296     84   -427
   2840   1164  -4736  -1280    131   -351
   2932   1188  -5152  -1328    103   -221
   3056   1156  -4924  -1312      2   -193
   3036   1340  -5004  -1312    -89   -263
   3024   1368  -4688  -1280   -118   -359
   2868   1376  -4820  -1280    -94   -500
   3092   1328  -5004  -1344   -109   -554
   2916   1444  -4948  -1328   -185   -505
   2980   1304  -5016  -1296   -254   -395
   2896   1380  -5044  -1360   -343   -406
   2928   1432  -4936  -1264   -345   -503
   2852   1272  -4704  -1312   -372   -604
   3024   1252  -5192  -1312   -382   -748
   2876   1272  -5160  -1280   -373   -814
   2864   1056  -4972  -1328   -481   -719
   2872   1200  -5060  -1296   -484   -612
   2744   1144  -4920  -1328   -437   -516
   2940   1120  -4864  -1312   -318   -469
   2648    876  -4884  -1296   -158   -493
   2632    972  -5012  -1312   -100   -525
   2780    944  -5000  -1328   -147   -521
   2736   1060  -5036  -1344   -234   -503
   2656    968  -4988  -1328   -189   -376
   2776   1080  -4972  -1296   -129   -291
   2692   1160  -4944  -1312     49   -231
   2652   1108  -4816  -1296    206   -256
   2808   1132  -4768  -1296    181   -280
   2892   1216  -4980  -1360    129   -261
   2852   1148  -5016  -1328    -15   -356
   2900   1360  -4944  -1280   -109   -419
   2872   1264  -4976  -1280    -63   -474
   2880   1344  -5040  -1360    -18   -560
   2928   1384  -4984  -1296     37   -559
   2932   1476  -4996  -1312    -60   -533
   2952   1244  -4732  -1312   -192   -588
   2996   1468  -4996  -1312   -332   -687
   2916   1296  -4936  -1296   -428   -816
   2960   1284  -4976  -1328   -432   -914
   2848   1372  -5108  -1344   -403   -923
   3004   1276  -4948  -1280   -389   -853
   2888   1160  -5044  -1296   -425   -736
   2880   1168  -4952  -1312   -438   -641
   2904   1056  -5104  -1296   -449   -584
   2852   1092  -4828  -1280   -393   -583
   2840    992  -4788  -1360   -325   -613
   2836    984  -4932  -1328   -264   -580
   2644    984  -5044  -1296   -222   -502
   2684   1048  -5304  -1328   -177   -383
   2800   1104  -5020  -1312   -146   -127
   2620   1048  -4932  -1328    -79    -64
   2808   1132  -4828  -1296     23   -103
   2756   1128  -4748  -1328    113   -158
   2848   1008  -4908  -1264     82   -178
   2700   1328  -4804  -1312     53   -173
   2684   1096  -4952  -1328    -35   -187
   2940   1308  -4780  -1328    -21   -135
   2656   1380  -4944  -1264      1   -176
   2864   1360  -5152  -1280     74   -270
   2952   1324  -4732  -1280     32   -384
   2820   1308  -4696  -1296    -61   -512
   3012   1332  -4776  -1280   -209   -608
   2944   1300  -4840  -1296   -328   -717
   2988   1380  -4876  -1280   -376   -787
   2784   1408  -5068  -1280   -336   -895
   2900   1372  -4744  -1328   -268   -888
   2812   1436  -4848  -1280   -287   -882
   2864   1292  -5128  -1328   -325   -858
   2728   1148  -4916  -1312   -424   -871
   2708   1080  -4996  -1328   -493   -869
   2788   1176  -4912  -1344   -473   -891
   2688    876  -4788  -1328   -333   -852
   2800   1108  -5172  -1296   -245   -720
   2688   1080  -5068  -1328   -179   -565
   2700   1104  -5108  -1264   -187   -463
   2860    996  -5000  -1344   -172   -318
   2796    944  -4968  -1360   -113   -276
   2768   1044  -5048  -1312    -57   -282
   2804   1044  -4836  -1312      6   -271
   2868   1196  -4996  -1264     42   -282
   2836   1156  -4912  -1296     27   -129
   2792   1144  -5084  -1296    -24    -74
   2772   1288  -4868  -1328     22     -3
   3000   1220  -4828  -1344      1    -65
   2852   1304  -4760  -1312     28   -177
   3024   1436  -4780  -1296    -38   -306
   2944   1484  -4840  -1328   -137   -430
   2904   1288  -4800  -1344   -263   -456
   2984   1288  -5044  -1312   -331   -481
   2864   1232  -5008  -1296   -307   -499
   2808   1364  -4884  -1328   -270   -580
   2928   1252  -4776  -1280   -270   -693
   2888   1220  -4912  -1312   -318   -750
   2928   1204  -5080  -1312   -403   -851
   2860   1108  -5088  -1296   -491   -844
   2736   1264  -5048  -1280   -490   -838
   2704   1200  -5028  -1280   -359   -814
   2604   1152  -4864  -1296   -269   -753
   2632   1012  -5104  -1280   -171   -708
   2772    984  -4912  -1296   -148   -646
   2708   1024  -5072  -1312   -192   -576
   2788    936  -4924  -1296   -223   -554
   2680   1144  -4992  -1312   -165   -536
   2828   1028  -4864  -1328    -53   -508
   2700   1080  -5012  -1360     25   -436
   2744   1112  -4864  -1344     74   -347
   2816   1192  -5092  -1328     82   -259
   2852   1272  -5084  -1376      8   -187
   2944   1196  -5160  -1328    -37   -290
   2912   1296  -4868  -1344    -71   -344
   2896   1360  -4864  -1280    -76   -433
   2992   1432  -4856  -1296   -128   -493
   2872   1340  -4868  -1296   -139   -406
   2960   1348  -5100  -1328   -201   -358
   2964   1380  -5008  -1312   -243   -338
   3012   1368  -4836  -1328   -314   -415
   2920   1208  -4816  -1296   -309   -572
   2896   1348  -4896  -1280   -347   -640
   3008   1216  -4900  -1312   -377   -720
   2800   1164  -4908  -1312   -410   -683
   2728   1284  -5084  -1328   -463   -628
   2916   1288  -5052  -1296   -419   -581
   2872   1240  -5096  -1328   -346   -526
   2744    972  -4868  -1344   -205   -531
   2840    996  -5024  -1328   -195   -563
   2688    972  -4872  -1392   -194   -564
   2680   1076  -5088  -1328   -225   -532
   2780   1040  -4964  -1312   -211   -476
   2828   1172  -5088  -1344   -137   -379
   2612   1028  -4880  -1312     14   -366
   2656   1156  -4956  -1328    115   -326
   2752   1168  -5004  -1312    148   -334
   2908   1148  -4924  -1312     60   -338
   2804   1224  -4884  -1248     -6   -344
   2928   1332  -4992  -1312    -92   -403
   2888   1288  -4952  -1296    -51   -448
   2888   1348  -4868  -1376    -22   -525
   2964   1320  -5080  -1312     -3   -541
   2976   1280  -4848  -1344    -73   -522
   2788   1340  -4896  -1264   -215   -534
   3052   1316  -5000  -1344   -298   -606
   2904   1296  -4876  -1296   -372   -709
   2860   1364  -4672  -1376   -351   -789
   2976   1336  -4988  -1264   -396   -835
   2884   1420  -5068  -1312   -359   -791
   2860   1216  -4820  -1312   -415   -675
   2884   1180  -5028  -1296   -425   -610
   2808   1156  -4792  -1328   -412   -571
   2996   1152  -4704  -1328   -352   -588
   2784   1120  -4848  -1312   -287   -621
   2820   1172  -5044  -1296   -244   -567
   2736    976  -4956  -1312   -251   -486
   2644   1036  -5080  -1280   -214   -342
   2636   1128  -4848  -1328   -156   -234
   2860   1064  -4832  -1344    -32   -157
   2856   1020  -5036  -1344     30   -160
   2632   1120  -4820  -1360     78   -143
   2876   1076  -4964  -1328     50   -246
   2848   1244  -4996  -1344     -6   -214
   2884   1132  -4976  -1312    -30   -223
   2932   1284  -4968  -1328    -48   -197
   2768   1264  -4796  -1344      4   -230
   2796   1336  -4820  -1376     40   -332
   2996   1468  -4812  -1392     39   -408
   2888   1268  -4940  -1344    -66   -498
   2968   1292  -4872  -1328   -239   -626
   2912   1352  -4932  -1360   -289   -672
   2844   1500  -4720  -1328   -331   -781
   2972   1324  -4916  -1312   -303   -814
   2740   1328  -5092  -1296   -295   -839
   2864   1240  -5092  -1280   -307   -834
   2880   1272  -4940  -1312   -359   -852
   2896   1088  -5032  -1344   -425   -844
   2700   1192  -4800  -1360   -453   -783
   2792   1032  -5192  -1312   -453   -875
   2812   1152  -4960  -1312   -334   -852
   2672   1132  -5192  -1344   -246   -735
   2840   1124  -5020  -1328   -224   -599
   2732   1020  -5068  -1312   -190   -408
   2748   1128  -4896  -1312   -137   -324
   2848   1096  -4824  -1328    -96   -312
   2776   1192  -4744  -1312    -64   -273
   2828    968  -5044  -1344     10   -301
   2804   1140  -5124  -1280     21   -209
   2820   1132  -5148  -1328     14   -145
   2828   1168  -4932  -1312     -3    -64
   2984   1332  -4852  -1328     15    -27
   2748   1192  -4844  -1344     11    -77
   2884   1460  -4804  -1328    -45   -186
   2932   1308  -4756  -1376    -65   -301
   2836   1328  -4976  -1328   -128   -377
   3032   1348  -4952  -1344   -228   -414
   3000   1392  -4924  -1328   -279   -499
   2896   1248  -4756  -1360   -291   -475
   2888   1308  -5036  -1360   -290   -564
   2840   1264  -4948  -1344   -241   -691
   2864   1248  -4892  -1344   -310   -775
   2980   1084  -5000  -1344   -412   -840
   2768   1216  -4868  -1344   -480   -836
   2724   1208  -4844  -1344   -454   -867
   2664   1132  -4832  -1360   -380   -827
   2784   1052  -4984  -1328   -256   -783
   2732   1116  -4892  -1376   -216   -741
   2756    972  -5088  -1344   -206   -660
   2804   1000  -4944  -1360   -214   -602
   2652    944  -4868  -1344   -248   -610
   2704   1072  -4888  -1328   -157   -548
   2812   1136  -5052  -1344    -86   -509
   2708   1048  -4952  -1360     -4   -473
   2828   1136  -5012  -1296     52   -349
   2848   1240  -5020  -1296     36   -259
   2824   1216  -5156  -1344      8   -180
   2860   1156  -4776  -1328    -59   -228
   3080   1192  -4908  -1328    -24   -285
   2896   1252  -4896  -1328    -14   -338
   2980   1212  -4776  -1344    -57   -363
   2924   1368  -4828  -1328   -126   -378
   2988   1444  -4688  -1312   -206   -318
   2948   1408  -4956  -1344   -236   -372
   2884   1260  -4880  -1328   -267   -413
   3004   1368  -4764  -1312   -345   -522
   3056   1420  -4976  -1360   -324   -611
   2956   1368  -5148  -1328   -376   -682
   2732   1236  -5132  -1328   -409   -686
   2832   1244  -5064  -1312   -428   -609
   2816   1120  -4632  -1312   -396   -593
   2684   1120  -4848  -1328   -345   -563
   2684   1192  -4820  -1344   -267   -583
   2748   1052  -4800  -1344   -215   -590
   2792    976  -4992  -1344   -215   -604
   2832    936  -4908  -1360   -263   -583
   2760   1012  -4976  -1312   -253   -520
   2848   1076  -4908  -1312   -132   -464
   2620   1216  -4916  -1392    -15   -410
   2824   1096  -4840  -1312     29   -365
   2836   1180  -4988  -1328     72   -367
   2764   1248  -4980  -1296     -2   -366
   2888   1140  -5116  -1328    -19   -382
   2760   1160  -4656  -1280    -51   -413
   2888   1232  -4912  -1328     -8   -453
   2912   1212  -4928  -1360      8   -506
   2920   1376  -4812  -1312    -24   -478
   2956   1196  -5112  -1328    -90   -494
   2952   1288  -4968  -1360   -129   -504
   3068   1368  -4992  -1360   -245   -545
   2868   1364  -4928  -1360   -290   -653
   2852   1312  -4868  -1296   -315   -724
   2976   1304  -5132  -1344   -330   -762
   2876   1316  -4984  -1344   -323   -709
   2832   1344  -5160  -1296   -361   -651
   2780   1180  -5020  -1296   -375   -562
   2908   1160  -4952  -1312   -354   -586
   2748   1036  -5004  -1344   -351   -580
   2740   1140  -4968  -1328   -286   -573
   2992   1100  -5028  -1344   -282   -589
   2800   1044  -5260  -1344   -253   -506
   2836   1104  -4928  -1344   -241   -395
   2724   1004  -4724  -1328   -174   -277
   2716   1132  -4964  -1312    -57   -223
   2828   1100  -4872  -1360    -17   -213
   2692   1100  -4852  -1344      5   -254
   2664   1080  -5060  -1360     20   -228
   2744   1096  -4984  -1344    -34   -287
   2808   1288  -5104  -1360    -40   -301
   2676   1276  -4792  -1360    -67   -252
   2776   1256  -4980  -1328     29   -293
   2876   1348  -4956  -1312     28   -356
   2816   1360  -4736  -1328     19   -421
   2960   1128  -4992  -1328    -98   -521
   2800   1388  -4760  -1328   -222   -613
   2804   1360  -4848  -1360   -241   -668
   3076   1356  -4764  -1328   -275   -766
   2908   1356  -4972  -1376   -284   -774
   2852   1188  -4832  -1360   -252   -840
   2828   1168  -4796  -1344   -296   -806
   2960   1300  -5104  -1312   -349   -827
   2748   1184  -4940  -1344   -404   -820
   2836   1076  -4932  -1328   -388   -808
   2904   1144  -4856  -1328   -403   -815
   2884   1208  -4928  -1312   -297   -783
   2712   1028  -4900  -1280   -255   -680
   2704   1192  -5024  -1296   -209   -581
   2796   1076  -5060  -1328   -197   -436
   2764   1012  -5116  -1360   -138   -357
   2720   1012  -5068  -1328   -136   -288
   2796   1108  -4916  -1312    -53   -285
   2920   1160  -5064  -1328      0   -301
   2680   1120  -5012  -1344    -14   -192
   2844   1088  -5128  -1280     -3   -153
   2776   1220  -5048  -1296     -8   -103
   2840   1260  -4964  -1360      0    -60
   2820   1328  -4800  -1344     18   -100
   2900   1348  -5008  -1312      1   -203
   2836   1324  -4912  -1296    -50   -314
   2896   1300  -4920  -1344   -148   -338
   2792   1332  -4832  -1344   -244   -409
   2860   1288  -4932  -1296   -282   -496
   2920   1308  -4968  -1328   -273   -521
   2932   1348  -4784  -1344   -235   -585
   2932   1240  -4868  -1312   -304   -685
   2808   1232  -4660  -1328   -313   -776
   2628   1232  -4912  -1392   -392   -826
   2796   1076  -5092  -1328   -464   -843
   2696   1012  -4848  -1296   -435   -873
   2736   1080  -4976  -1360   -400   -825
   2572   1172  -4924  -1344   -270   -800
   2668   1040  -4756  -1328   -231   -751
   2736   1048  -5004  -1328   -231   -689
   2792    964  -4956  -1344   -244   -621
   2832   1048  -5228  -1312   -201   -635
   2836   1116  -5164  -1328   -156   -582
   2912   1084  -4928  -1360    -74   -544
   2836   1192  -5012  -1344     -4   -409
   2920   1164  -4940  -1296     -4   -324
   2708   1160  -5036  -1376     13   -231
   2780   1044  -5048  -1344     20   -180
   2996   1264  -4900  -1344     -9   -216
   2900   1212  -5112  -1328      4   -264
   2992   1332  -4880  -1360    -57   -306
   3008   1508  -4816  -1312    -81   -344
   2976   1316  -5064  -1328   -123   -340
   2824   1432  -4996  -1312   -164   -297
   2896   1372  -4940  -1312   -219   -319
   2996   1500  -4676  -1376   -217   -373
   2860   1248  -4964  -1360   -244   -482
   2984   1228  -4980  -1296   -302   -573
   2944   1328  -4968  -1344   -398   -626
   2840   1296  -4908  -1312   -420   -681
   2704   1212  -4976  -1312   -439   -644
   2728   1164  -5068  -1328   -388   -628
   2756   1124  -5188  -1376   -343   -557
   2928   1036  -5080  -1344   -285   -633
   2820   1144  -4972  -1328   -300   -646
   2648   1080  -5008  -1376   -321   -636
   2840    996  -5012  -1344   -262   -611
   2672   1028  -5084  -1344   -212   -526
   2676   1164  -5008  -1392   -177   -527
   2800   1120  -5092  -1312    -52   -468
   2748   1168  -4956  -1312    -33   -396
   2804   1004  -4864  -1328    -33   -415
   2828   1108  -4844  -1344     -2   -374
   2760   1232  -4860  -1312    -19   -417
   2892   1140  -5064  -1296    -28   -424
   2760   1188  -4976  -1376    -24   -400
   2956   1324  -5028  -1360      9   -429
   2848   1240  -4880  -1344    -57   -462
   2932   1336  -4928  -1344    -87   -447
   2948   1412  -4764  -1328   -117   -478
   2940   1368  -4844  -1328   -165   -477
   2980   1276  -4984  -1328   -239   -604
   2884   1276  -4832  -1344   -297   -618
   2856   1320  -4916  -1376   -295   -649
   2864   1036  -5088  -1344   -299   -635
   2744   1188  -5016  -1344   -339   -565
   2916   1192  -5052  -1328   -327   -600
   2720   1128  -5032  -1344   -305   -562
   2752   1192  -4980  -1360   -313   -564
   2828   1124  -5116  -1328   -359   -552
   2752   1184  -5072  -1344   -281   -534
   2700   1012  -4964  -1360   -268   -512
   2892   1120  -4880  -1376   -202   -429
   2852   1208  -5080  -1328   -186   -355
   2820   1036  -5064  -1344   -158   -315
   2920   116