   3024   1752  -4812  -1376   -176   -501
   3072   1788  -4996  -1360   -190   -530
   2928   1624  -4916  -1328   -183   -503
   3068   1656  -4956  -1344   -210   -515
   3068   1692  -4912  -1360   -238   -498
   3052   1556  -4904  -1344   -235   -527
   3008   1540  -4880  -1376   -174   -536
   2868   1504  -5048  -1360   -179   -500
   2912   1604  -4948  -1376   -139   -497
   2916   1720  -4720  -1376   -162   -506
   3004   1660  -4884  -1392   -188   -473
   3120   1744  -4808  -1376   -181   -497
   3160   1524  -4832  -1376   -202   -476
   2984   1612  -4936  -1376   -190   -506
   3056   1580  -5000  -1376   -163   -519
   2960   1644  -4816  -1360   -179   -508
   3052   1708  -4868  -1376   -180   -495
   2992   1816  -4920  -1328   -202   -484
   2948   1604  -4684  -1376   -146   -490
   2620    844  -5108  -1328     83   -509
   2588    764  -5020  -1344    408   -386
   2612    712  -5136  -1392    625   -285
   2548    624  -5048  -1360    706   -129
   2576    936  -5176  -1376    798     33
   2644   1176  -5036  -1360   1032    161
   2616   1264  -4904  -1328   1268    188
   2856   1428  -4908  -1344   1393    189
   2928   1324  -4696  -1360   1337    142
   2972   1540  -4824  -1344   1110    105
   3160   1704  -4892  -1360    909     -8
   3080   1612  -4748  -1344    730   -141
   3040   1732  -4608  -1312    663   -317
   3160   1868  -4456  -1376    513   -490
   3400   2076  -5008  -1344    316   -646
   2896   1872  -4936  -1376    -23   -678
   3068   1700  -4844  -1360   -427   -848
   3120   1604  -4912  -1376   -710   -980
   2908   1672  -5000  -1328   -869  -1174
   2928   1492  -4908  -1344   -952  -1324
   2912   1388  -4992  -1328  -1096  -1320
   2820   1288  -5240  -1328  -1223  -1130
   2584   1112  -5196  -1344  -1414   -906
   2648    928  -5132  -1328  -1447   -799
   2548    936  -4956  -1344  -1310   -616
   2720    920  -5000  -1344  -1172   -514
   2620    816  -4976  -1312   -923   -475
   2632    876  -5036  -1328   -912   -284
   2564    852  -5028  -1344   -861    -89
   2768    740  -4916  -1360   -762    178
   2596    972  -5012  -1344   -506    326
   2720    824  -5120  -1376   -204    323
   2644   1056  -4980  -1360    136    278
   2844   1044  -5072  -1344    297    212
   2776   1356  -4744  -1360    314    163
   3012   1448  -4928  -1360    308    146
   2788   1392  -4972  -1376    328     82
   3044   1596  -4932  -1360    364    -60
   3252   1488  -4612  -1344    506   -284
   3064   1440  -4768  -1360    478   -569
   3084   1480  -4792  -1344    475   -695
   3004   1660  -4708  -1328    355   -769
   3180   1656  -4804  -1376    177   -875
   3084   1576  -5128  -1360    135   -987
   3024   1600  -4696  -1344     55  -1136
   3004   1552  -4872  -1360     19  -1307
   2916   1364  -5140  -1360    -23  -1420
   2816   1176  -5048  -1312    -58  -1411
   2712   1184  -5096  -1360   -150  -1325
   2816   1204  -4988  -1376   -146  -1151
   2648   1164  -4996  -1328    -90   -933
   2736    976  -5080  -1328    -42   -771
   2628    992  -5000  -1360    -38   -653
   2708    896  -4924  -1344   -117   -516
   2812   1028  -4972  -1360   -202   -356
   2600   1108  -5076  -1376   -240   -197
   2680   1096  -5120  -1296   -224     27
   2736   1204  -4912  -1344   -179    267
   2732   1308  -4840  -1344   -137    376
   2828   1320  -5032  -1360   -207    430
   2860   1364  -5064  -1376   -305    419
   3016   1328  -4844  -1392   -414    278
   3068   1412  -4896  -1328   -553    116
   2864   1544  -4800  -1360   -644      1
   3040   1584  -4760  -1392   -649   -104
   2936   1516  -4808  -1360   -584   -256
   2948   1460  -4872  -1328   -580   -333
   2836   1384  -4856  -1328   -572   -454
   3172   1676  -4664  -1344   -646   -629
   2920   1304  -4576  -1360   -721   -867
   3052   1368  -4824  -1328   -763  -1142
   2912   1332  -4880  -1376   -721  -1326
   2820   1360  -4952  -1360   -642  -1403
   2928   1360  -4828  -1376   -436  -1339
   2696   1220  -4852  -1360   -321  -1267
   2812    892  -4828  -1328   -195  -1180
   2952   1116  -4804  -1392    -28  -1159
   2784    852  -4812  -1376     67  -1126
   2864    732  -4792  -1360    159  -1136
   2564    924  -4900  -1344    310  -1018
   2812    856  -5060  -1376    483   -882
   2624    932  -5092  -1392    647   -602
   2628    996  -5152  -1376    727   -308
   2560   1068  -4920  -1360    854    -66
   2748   1148  -4896  -1344    808     90
   2892   1268  -5012  -1376    807    160
   2904   1316  -4956  -1312    683     67
   2792   1584  -4932  -1328    508     40
   2856   1488  -4956  -1344    325     71
   2972   1516  -5116  -1360    145    147
   2940   1808  -4896  -1376    -29    137
   3076   1592  -4736  -1344   -138     58
   3036   1640  -4840  -1360   -300    -61
   3084   1496  -4768  -1344   -508   -285
   3168   1568  -4916  -1328   -794   -517
   3016   1500  -4924  -1328  -1045   -661
   2972   1552  -4884  -1312  -1178   -833
   2928   1712  -4892  -1344  -1254   -857
   2824   1484  -4916  -1344  -1262   -923
   2812   1428  -5008  -1344  -1235   -972
   2932   1380  -4864  -1392  -1187   -986
   2876   1028  -4880  -1376  -1165  -1013
   2796    924  -4912  -1376  -1151  -1018
   2704    932  -5056  -1312  -1047  -1054
   2544    884  -5012  -1376   -867   -980
   2464    876  -5036  -1344   -536   -885
   2656    800  -5184  -1344   -294   -724
   2552    688  -5236  -1344    -73   -524
   2664    940  -4840  -1360     84   -370
   2668    896  -5048  -1312    277   -370
   2724    856  -4812  -1360    437   -318
   2744   1000  -5152  -1344    581   -354
   2788   1040  -4916  -1392    728   -249
   2908   1292  -5120  -1328    855   -122
   2872   1204  -4920  -1312    887    -26
   2872   1380  -4900  -1392    860     82
   2856   1348  -4812  -1312    800     27
   2976   1500  -4740  -1328    708   -100
   3080   1576  -4920  -1312    626   -285
   2952   1580  -4824  -1328    500   -464
   3048   1604  -4956  -1328    262   -522
   3108   1624  -4724  -1360    122   -513
   2996   1684  -4920  -1376    -77   -515
   2948   1688  -4936  -1360   -224   -540
   2976   1660  -4940  -1376   -368   -667
   3040   1480  -4920  -1360   -554   -850
   2900   1484  -4840  -1376   -749   -997
   3024   1312  -4960  -1312   -904  -1057
   2824   1356  -4852  -1328  -1040   -924
   2776   1272  -5168  -1376  -1086   -807
   2640   1320  -4900  -1344  -1004   -632
   2656   1084  -5044  -1360   -910   -521
   2600    964  -5132  -1328   -831   -438
   2780    944  -5120  -1408   -783   -399
   2668    736  -4896  -1392   -796   -395
   2608    988  -5052  -1376   -781   -295
   2632    868  -5008  -1392   -645   -192
   2740   1012  -5036  -1344   -454   -135
   2712   1076  -5020  -1376   -206    -51
   2760   1004  -4960  -1360    -46      0
   2772   1156  -4856  -1344     68     36
   2888   1168  -4736  -1360     94    -56
   2940   1136  -4928  -1360    134   -178
   2912   1384  -4980  -1376    230   -280
   2972   1456  -5024  -1360    243   -411
   2968   1448  -4768  -1312    307   -444
   2980   1448  -4724  -1376    247   -474
   2944   1620  -4672  -1360    202   -583
   3040   1368  -4828  -1376    210   -694
   2948   1544  -4832  -1360    202   -845
   3032   1392  -4908  -1344    145   -924
   2948   1388  -4836  -1376     40  -1059
   3068   1272  -4940  -1376    -16  -1096
   2796   1380  -5052  -1328    -98  -1023
   2864   1240  -4932  -1392    -97   -949
   2876   1300  -4796  -1328    -27   -879
   2876   1188  -4964  -1312     63   -859
   2804   1108  -4964  -1328     27   -736
   2836   1156  -4992  -1376    -58   -627
   2740   1108  -4984  -1328   -181   -496
   2632   1160  -4992  -1328   -267   -380
   2652   1092  -5028  -1344   -225   -295
   2676   1104  -5012  -1296   -137   -137
   2616   1160  -4988  -1344    -89    -19
   2736   1092  -5168  -1360   -181     79
   2852   1144  -4880  -1392   -284    170
   2840   1396  -4860  -1344   -395    124
   2920   1140  -4936  -1360   -449     63
   2872   1376  -4936  -1376   -450    -48
   2880   1312  -4804  -1344   -454   -186
   2844   1320  -5020  -1360   -464   -302
   2972   1496  -4884  -1344   -560   -340
   3032   1480  -4956  -1312   -609   -378
   3128   1596  -4840  -1344   -574   -481
   2968   1324  -4996  -1376   -616   -678
   2924   1348  -4704  -1360   -540   -885
   3056   1380  -4956  -1344   -579  -1004
   2896   1276  -5088  -1360   -585  -1101
   2884   1164  -4804  -1344   -572  -1083
   2852   1236  -4912  -1376   -475  -1043
   2716   1156  -5080  -1328   -301  -1059
   2872   1180  -5080  -1344   -156  -1044
   2792    960  -4848  -1328      2  -1050
   2888    996  -4992  -1376     23   -968
   2788   1020  -4952  -1328     98   -910
   2704    968  -4968  -1360    188   -808
   2684   1164  -5068  -1376    284   -657
   2736   1112  -4904  -1328    459   -501
   2700   1284  -5092  -1376    623   -315
   2704   1100  -4932  -1296    659   -197
   2912   1104  -5024  -1376    595    -74
   2972   1332  -5032  -1376    482    -35
   2824   1280  -5068  -1328    382     29
   2772   1284  -5020  -1360    345    -47
   2924   1376  -4904  -1376    324    -42
   2868   1508  -4808  -1360    192    -23
   2876   1576  -4944  -1344     25    -30
   2976   1564  -4900  -1344   -191    -72
   2972   1476  -4676  -1328   -364   -145
   3024   1544  -4784  -1376   -492   -361
   3036   1524  -4960  -1360   -600   -541
   3064   1620  -4896  -1360   -737   -668
   2836   1548  -4828  -1344   -886   -743
   2884   1412  -4856  -1360   -985   -805
   2832   1368  -4752  -1344  -1067   -775
   2804   1324  -4860  -1376  -1040   -852
   2888   1104  -5156  -1360  -1003   -928
   2792   1196  -4940  -1344   -947   -932
   2784    992  -4880  -1376   -904   -977
   2812   1112  -5008  -1312   -805   -951
   2620    996  -5260  -1344   -713   -847
   2784    972  -5188  -1360   -544   -698
   2576    776  -4828  -1312   -354   -599
   2616   1068  -4944  -1344   -106   -552
   2728    956  -4996  -1328     78   -496
   2720    996  -4992  -1344    153   -426
   2876   1060  -4940  -1328    265   -351
   2828    968  -4972  -1376    369   -289
   2820   1184  -4956  -1328    471   -227
   2824   1192  -4836  -1360    617   -145
   2936   1312  -4928  -1344    671   -124
   3000   1284  -4928  -1344    706   -118
   2980   1532  -5080  -1328    601   -111
   2904   1512  -4828  -1344    522   -181
   2880   1352  -4912  -1360    338   -284
   2992   1680  -4864  -1344    265   -390
   3040   1516  -4960  -1360    248   -458
   2932   1544  -4968  -1328    118   -509
   3024   1492  -4924  -1344    -44   -552
   2940   1588  -4940  -1360   -240   -574
   2932   1536  -4848  -1360   -401   -644
   2940   1424  -4848  -1344   -515   -772
   2868   1188  -4748  -1360   -623   -858
   2860   1452  -4836  -1360   -702   -881
   2792   1296  -4940  -1344   -759   -826
   2856   1260  -5064  -1360   -849   -724
   2676   1124  -4856  -1344   -843   -599
   2696   1036  -4952  -1360   -815   -499
   2780   1020  -4956  -1376   -759   -474
   2756   1140  -4988  -1312   -647   -455
   2864   1000  -5028  -1344   -639   -487
   2648    980  -4912  -1328   -583   -425
   2652   1048  -5264  -1344   -534   -318
   2928   1064  -5028  -1360   -443   -200
   2828   1132  -4996  -1344   -278   -142
   2780   1116  -4892  -1360   -104   -114
   2804   1204  -4900  -1344    -26   -206
   3080   1280  -4792  -1328     17   -242
   2824   1236  -4940  -1360     45   -316
   2936   1308  -4916  -1344     38   -349
   2960   1368  -4808  -1344    131   -416
   3008   1344  -4868  -1392    164   -478
   3040   1448  -4892  -1344    200   -533
   3052   1460  -4924  -1360    200   -613
   2992   1312  -4872  -1344    162   -659
   2948   1360  -4824  -1408     88   -728
   2972   1456  -5004  -1344     34   -827
   2796   1408  -4636  -1360    -15   -863
   2872   1300  -4884  -1344    -15   -876
   2744   1292  -4840  -1328     13   -826
   2828   1368  -4912  -1344    -17   -818
   2992   1324  -5140  -1392    -16   -711
   2780   1264  -5060  -1376     -4   -668
   2812   1140  -4996  -1344    -56   -574
   2660   1060  -5168  -1360   -128   -556
   2680   1060  -4956  -1360   -133   -511
   2604   1160  -4816  -1344   -188   -409
   2696   1200  -5216  -1328   -172   -284
   2700   1164  -4964  -1344   -183   -134
   2744   1188  -5104  -1328   -187    -73
   2716   1224  -4996  -1312   -261    -30
   2748   1156  -4716  -1344   -286    -72
   2892   1296  -4784  -1344   -362   -124
   2856   1312  -4948  -1376   -386   -207
   2828   1356  -4984  -1344   -451   -245
   2752   1364  -4992  -1328   -464   -339
   2964   1416  -4792  -1376   -549   -362
   2988   1480  -4652  -1392   -530   -428
   2892   1484  -5012  -1312   -511   -516
   3008   1444  -4752  -1328   -545   -652
   2952   1292  -4752  -1344   -530   -765
   2952   1440  -4884  -1328   -564   -849
   2924   1348  -4940  -1344   -564   -898
   2904   1232  -4804  -1312   -502   -943
   2784   1252  -5072  -1344   -401   -936
   2824   1032  -4708  -1360   -308   -864
   2716   1104  -5016  -1344   -172   -881
   2800   1152  -4828  -1360   -142   -881
   2784    968  -5212  -1376    -42   -798
   2800    952  -5108  -1360     42   -807
   2784    940  -4736  -1344     87   -683
   2744   1132  -4688  -1328    280   -580
   2640   1084  -5152  -1344    386   -460
   2736   1040  -4992  -1376    448   -342
   2832   1056  -4884  -1360    469   -238
   2848   1196  -5072  -1328    510   -150
   2708   1256  -4884  -1312    415   -120
   2952   1284  -4840  -1328    382   -131
   2956   1500  -5068  -1312    352   -123
   2940   1428  -5056  -1360    234   -169
   2816   1524  -4988  -1360     98    -96
   2924   1452  -4896  -1344     18   -110
   2888   1500  -4924  -1376   -124   -205
   3000   1600  -4840  -1360   -270   -314
   3112   1480  -5048  -1312   -423   -455
   2836   1432  -4984  -1344   -567   -543
   2968   1540  -4844  -1392   -653   -695
   2760   1504  -4836  -1328   -823   -719
   2872   1328  -4760  -1344   -879   -754
   2960   1276  -4600  -1328   -900   -770
   2768   1352  -4964  -1312   -854   -809
   2824   1000  -4864  -1360   -871   -871
   2680   1188  -4988  -1360   -869   -902
   2804   1152  -4892  -1312   -807   -875
   2704   1100  -4968  -1360   -802   -846
   2608   1020  -4944  -1344   -627   -794
   2664   1024  -5016  -1344   -486   -659
   2424   1080  -5056  -1360   -294   -588
   2796    900  -5032  -1376   -136   -500
   2772   1028  -4980  -1328    -20   -424
   2596    908  -5060  -1360     54   -365
   2780   1048  -4904  -1344    167   -327
   2776   1188  -5016  -1344    261   -280
   2896   1120  -5124  -1328    412   -230
   2792   1292  -5016  -1376    478   -192
   2868   1324  -4864  -1392    572   -130
   3000   1276  -4872  -1376    591   -111
   2808   1232  -4992  -1296    466   -160
   2944   1400  -5164  -1360    410   -217
   2992   1520  -4816  -1312    333   -307
   2940   1520  -5064  -1328    207   -394
   2888   1584  -4884  -1424    150   -492
   2952   1500  -4788  -1344     60   -488
   3052   1468  -4884  -1360    -67   -532
   3008   1368  -4656  -1344   -196   -606
   2988   1324  -4840  -1392   -339   -643
   2964   1348  -4944  -1344   -446   -732
   2896   1372  -5148  -1344   -555   -835
   2856   1192  -5092  -1328   -640   -864
   2888   1212  -4832  -1280   -688   -824
   2680   1188  -5016  -1344   -707   -732
   2780    996  -4860  -1328   -734   -627
   2600   1036  -5012  -1344   -727   -591
   2820   1016  -4896  -1296   -616   -521
   2864   1112  -5152  -1328   -586   -500
   2708   1040  -4916  -1360   -581   -462
   2816   1196  -4960  -1328   -553   -412
   2828   1128  -4860  -1376   -501   -352
   2772   1168  -5144  -1328   -387   -233
   2796   1068  -5016  -1344   -269   -197
   2804   1220  -4984  -1328   -174   -168
   2876   1188  -4908  -1312    -42   -218
   2908   1404  -4924  -1328    -22   -298
   2812   1188  -5040  -1360     11   -331
   2924   1292  -4944  -1360    -28   -358
   2928   1476  -4840  -1344     64   -420
   2988   1384  -4912  -1360     74   -485
   2832   1352  -4804  -1312    150   -508
   2960   1428  -4680  -1360    151   -544
   3068   1372  -4988  -1344    134   -572
   2804   1296  -4992  -1360     87   -634
   2816   1332  -5072  -1376     25   -716
   2748   1336  -4896  -1360    -12   -777
   2892   1296  -4920  -1360     46   -817
   2800   1220  -4964  -1312      2   -775
   2748   1164  -4948  -1360    -33   -685
   2756   1376  -5044  -1376     18   -647
   2844   1244  -5032  -1360    -55   -590
   2948   1148  -5048  -1376    -70   -582
   2720   1160  -4952  -1344   -146   -560
   2908   1060  -5056  -1360   -145   -511
   2672   1124  -4980  -1360   -173   -428
   2620   1312  -5120  -1376   -173   -347
   2616   1216  -4924  -1360   -187   -262
   2804   1276  -4828  -1344   -214   -183
   2896   1268  -4892  -1360   -277   -182
   2820   1352  -4968  -1344   -307   -199
   2808   1352  -4672  -1328   -355   -271
   2756   1360  -4540  -1344   -415   -307
   2884   1344  -4976  -1360   -470   -310
   2960   1540  -4896  -1376   -464   -371
   2868   1364  -4960  -1328   -449   -412
   3036   1268  -4644  -1312   -488   -438
   2836   1436  -5116  -1328   -470   -546
   2972   1220  -4908  -1312   -507   -622
   3040   1216  -4732  -1360   -495   -709
   2904   1276  -4816  -1328   -509   -809
   2888   1220  -5016  -1328   -508   -790
   2960   1252  -4984  -1344   -425   -806
   2884   1172  -4784  -1360   -321   -785
   2776   1048  -4752  -1376   -230   -792
   2832   1020  -4976  -1376   -139   -755
   2940    980  -4752  -1328    -71   -734
   2780   1108  -5160  -1376     28   -700
   2704   1024  -5212  -1360     24   -679
   2820   1180  -4908  -1392    140   -599
   2780   1016  -5084  -1296    265   -506
   2832   1100  -4824  -1312    320   -368
   2804   1128  -4924  -1328    382   -311
   2788   1124  -4952  -1376    371   -239
   2832   1044  -5128  -1312    361   -196
   2816   1372  -4716  -1312    357   -200
   2972   1156  -5008  -1360    300   -234
   2812   1396  -5016  -1344    216   -252
   2844   1316  -5084  -1360    121   -214
   2816   1336  -4996  -1360     52   -203
   2984   1372  -4868  -1344    -52   -259
   3068   1560  -4932  -1360   -144   -282
   2936   1484  -4936  -1296   -303   -446
   2924   1380  -4884  -1328   -401   -516
   3000   1520  -4928  -1312   -544   -617
   2988   1496  -4840  -1360   -687   -711
   2988   1436  -4912  -1312   -751   -755
   3036   1400  -5040  -1328   -769   -828
   2936   1276  -4972  -1328   -770   -805
   2844   1224  -4908  -1328   -822   -819
   2992   1220  -5040  -1344   -836   -804
   2880   1172  -4996  -1328   -829   -783
   2716   1096  -4704  -1360   -776   -815
   2784   1024  -4972  -1344   -653   -781
   2580   1044  -4896  -1360   -515   -728
   2832   1008  -4940  -1312   -413   -647
   2756   1080  -5116  -1344   -221   -501
   2760   1060  -5044  -1392   -113   -393
   2600    996  -5024  -1376    -13   -337
   2708   1136  -5116  -1312    104   -309
   2968    912  -4796  -1360    216   -300
   2760   1144  -5160  -1392    288   -304
   2828   1156  -5028  -1344    394   -247
   2820   1208  -5044  -1360    383   -192
   2836   1296  -4976  -1312    458   -138
   2908   1296  -4836  -1328    431   -114
   2800   1252  -5052  -1344    412   -213
   2940   1404  -4876  -1360    348   -299
   2900   1420  -4792  -1312    304   -402
   2916   1452  -4904  -1312    128   -468
   2960   1552  -4960  -1344     67   -522
   2788   1412  -4796  -1328    -74   -523
   2824   1428  -4800  -1344   -126   -608
   2848   1368  -4920  -1312   -209   -648
   2884   1376  -5012  -1376   -283   -680
   3020   1292  -4908  -1376   -427   -786
   3020   1292  -4828  -1328   -560   -811
   2840   1304  -4812  -1360   -615   -831
   2680   1260  -5140  -1312   -675   -780
   2780   1212  -5080  -1344   -656   -772
   2780   1264  -4996  -1296   -626   -658
   2800   1044  -4932  -1312   -611   -597
   2688   1004  -4976  -1296   -614   -556
   2800   1024  -5028  -1376   -600   -445
   2836   1128  -5160  -1376   -547   -445
   2852   1248  -5052  -1344   -524   -443
   2812   1104  -4968  -1328   -419   -371
   2660   1244  -4948  -1344   -307   -262
   2752   1096  -5156  -1344   -257   -211
   2692   1104  -4880  -1344   -198   -147
   2928   1280  -4884  -1344    -93   -166
   2908   1348  -4852  -1344    -27   -240
   3076   1276  -4932  -1344    -18   -309
   2872   1356  -4964  -1360     35   -430
   2832   1472  -4952  -1376     43   -428
   2948   1440  -5092  -1328     65   -390
   3000   1284  -4688  -1328     79   -450
   2908   1320  -4952  -1312     85   -489
   3016   1380  -4940  -1360    116   -527
   2832   1352  -4744  -1312     89   -668
   2916   1292  -4988  -1360     35   -742
   2976   1188  -4896  -1344      3   -757
   2900   1392  -4888  -1360    -15   -794
   2820   1264  -4864  -1344    -27   -744
   2712   1220  -4908  -1296    -31   -677
   2680   1276  -4876  -1312    -53   -687
   2716   1140  -4972  -1296    -47   -666
   2816   1168  -4984  -1376    -80   -619
   2768   1180  -4996  -1328   -133   -564
   2728   1148  -5164  -1328   -185   -518
   2724   1244  -4892  -1344   -203   -468
   2624   1228  -4872  -1360   -164   -388
   2804   1184  -5004  -1344   -152   -297
   2752   1212  -4816  -1360   -192   -280
   2776   1396  -5012  -1328   -281   -231
   2864   1336  -5132  -1344   -321   -296
   2852   1292  -4860  -1360   -381   -317
   2856   1400  -4900  -1344   -436   -393
   2876   1372  -5064  -1344   -380   -419
   2732   1376  -4888  -1312   -469   -412
   2868   1288  -4956  -1360   -452   -433
   2868   1356  -4900  -1312   -482   -446
   2804   1484  -4912  -1360   -473   -498
   2984   1328  -4876  -1344   -511   -587
   3032   1304  -4968  -1328   -472   -671
   3012   1252  -4736  -1328   -452   -723
   2840   1068  -5012  -1344   -403   -720
   2796   1196  -5136  -1296   -400   -733
   2940   1232  -5128  -1344   -297   -689
   2788   1180  -5020  -1360   -223   -677
   2708   1032  -4732  -1296    -93   -648
   2892   1120  -5012  -1376    -29   -646
   2688   1140  -5024  -1344     32   -625
   2872   1184  -5004  -1328     67   -625
   2836    952  -5112  -1344    155   -554
   2716   1088  -5032  -1312    257   -466
   2796   1300  -4852  -1328    252   -370
   2640   1144  -4924  -1376    328   -287
   2888   1244  -4976  -1328    385   -266
   2692   1268  -5036  -1264    322   -289
   2912   1200  -5156  -1360    251   -293
   2904   1296  -5136  -1360    223   -316
   2760   1404  -4908  -1312    157   -274
   2788   1292  -4784  -1344     94   -286
   2868   1428  -4892  -1328      3   -329
   2904   1584  -4752  -1312   -109   -339
   2916   1552  -5012  -1328   -208   -420
   2932   1408  -4940  -1328   -403   -510
   2872   1472  -4916  -1312   -451   -584
   2972   1496  -4812  -1360   -586   -699
   2964   1352  -5132  -1328   -647   -734
   2988   1380  -4872  -1344   -713   -784
   2864   1360  -4916  -1312   -747   -767
   2808   1204  -4876  -1360   -726   -742
   3020   1260  -4980  -1344   -792   -716
   2844   1148  -4796  -1328   -738   -769
   2784   1160  -4868  -1344   -715   -771
   2836   1072  -5016  -1328   -649   -739
   2584   1104  -5036  -1328   -514   -682
   2708   1116  -4916  -1344   -455   -588
   2804   1044  -5016  -1328   -304   -461
   2784   1044  -5068  -1312   -170   -414
   2668   1124  -4816  -1296    -42   -335
   2820   1184  -4944  -1344     79   -302
   2720    972  -4932  -1344    117   -274
   2788   1152  -5212  -1296    190   -269
   2752   1224  -5052  -1312    251   -245
   2996   1252  -4968  -1360    315   -218
   2716   1148  -4896  -1328    386   -178
   2992   1288  -4860  -1344    435   -165
   2904   1240  -4864  -1312    380   -215
   2860   1328  -4824  -1328    324   -289
   2920   1444  -4896  -1344    279   -351
   2980   1348  -4752  -1328    181   -466
   2988   1372  -4948  -1312     88   -535
   2924   1448  -4924  -1344     15   -588
   2908   1588  -5016  -1296    -47   -623
   2900   1456  -4840  -1312   -126   -671
   2852   1416  -4820  -1360   -257   -706
   2920   1412  -4888  -1328   -376   -800
   2964   1332  -4768  -1312   -498   -798
   2876   1400  -4816  -1328   -544   -867
   2924   1392  -4836  -1360   -614   -864
   2956   1232  -5044  -1376   -617   -793
   2864   1180  -5052  -1296   -632   -701
   2784   1220  -5048  -1344   -618   -642
   2792   1144  -4952  -1328   -601   -539
   2904   1060  -4820  -1392   -587   -522
   2752   1016  -4904  -1344   -522   -437
   2924   1344  -5180  -1392   -495   -415
   2832   1052  -4888  -1328   -411   -343
   2816   1120  -5016  -1312   -351   -281
   2800   1148  -4956  -1328   -280   -218
   2944   1160  -4952  -1360   -213   -186
   2972   1108  -5132  -1312   -121   -158
   3024   1204  -4812  -1360    -38   -178
   2936   1240  -4936  -1344    -29   -246
   2868   1196  -4900  -1392    -14   -316
   2868   1312  -4956  -1360     10   -307
   2932   1240  -4748  -1296     -7   -339
   2988   1348  -4712  -1344     55   -429
   2992   1308  -4960  -1328     38   -445
   2984   1252  -4732  -1312    108   -517
   2852   1324  -4840  -1280     58   -541
   2892   1396  -4796  -1328     38   -637
   2892   1284  -4928  -1344     34   -729
   2756   1216  -4904  -1280    -26   -710
   2680   1304  -4816  -1296     -2   -749
   2792   1268  -5072  -1344    -27   -741
   2824   1276  -4876  -1328    -14   -719
   2852   1164  -4960  -1344    -51   -704
   2748   1084  -4992  -1296   -104   -662
   2764   1204  -4896  -1312   -177   -602
   2764   1056  -4996  -1360   -144   -574
   2724   1168  -4940  -1312   -170   -543
   2840   1024  -5000  -1328   -196   -500
   2932   1312  -4872  -1296   -199   -418
   2864   1256  -5028  -1344   -226   -343
   2760   1184  -4840  -1328   -266   -340
   2800   1212  -4992  -1344   -291   -295
   2836   1224  -4800  -1312   -354   -302
   2936   1348  -4916  -1344   -383   -350
   2744   1312  -4888  -1344   -432   -344
   3004   1396  -4868  -1296   -410   -388
   3004   1420  -4980  -1360   -444   -413
   2940   1344  -4876  -1344   -451   -418
   3048   1248  -4816  -1328   -447   -445
   3052   1424  -4916  -1312   -452   -501
   2992   1292  -4884  -1312   -448   -542
   2776   1304  -4964  -1328   -436   -613
   2996   1232  -4824  -1312   -388   -652
   2880   1240  -4836  -1296   -390   -627
   2900   1260  -4792  -1344   -292   -647
   2832   1156  -4880  -1328   -260   -648
   2932   1124  -4980  -1328   -159   -589
   2824   1040  -5056  -1296    -43   -602
   2752   1088  -5128  -1312    -26   -596
   2724   1132  -5076  -1360     48   -532
   2760   1104  -5160  -1312    129   -531
   2696   1208  -4908  -1296    163   -494
   2784   1036  -5008  -1344    237   -432
   2776   1000  -4964  -1296    315   -382
   2820   1152  -4896  -1328    279   -346
   2700   1192  -4972  -1328    292   -353
   2836   1228  -5012  -1312    246   -321
   2900   1228  -4792  -1360    233   -340
   2836   1376  -5200  -1344    142   -339
   2824   1388  -4884  -1296     79   -364
   2812   1484  -4760  -1312     28   -415
   2924   1360  -4932  -1376    -86   -400
   2992   1448  -5060  -1344   -179   -477
   3052   1468  -4696  -1296   -329   -549
   2988   1404  -4952  -1312   -390   -611
   3000   1472  -4808  -1328   -485   -678
   3036   1420  -4812  -1344   -559   -696
   2932   1500  -4992  -1360   -633   -760
   2860   1324  -4716  -1328   -666   -747
   2928   1256  -4976  -1312   -685   -720
   2808   1396  -5000  -1360   -738   -707
   2724   1276  -4760  -1344   -715   -730
   2828   1184  -4888  -1280   -646   -695
   2812   1080  -4904  -1328   -614   -673
   2804    956  -4936  -1312   -550   -598
   2812   1104  -4984  -1360   -473   -528
   2840   1008  -4856  -1360   -330   -456
   2640    912  -4812  -1344   -226   -396
   2668   1108  -4968  -1360    -92   -344
   2748   1112  -5020  -1344    -10   -273
   2852    976  -4928  -1296     49   -249
   2816   1116  -5072  -1344    156   -262
   2812   1084  -5056  -1376    238   -196
   2816   1080  -4928  -1328    302   -211
   2956   1396  -4976  -1344    322   -189
   2780   1264  -4980  -1296    359   -213
   2832   1340  -4936  -1264    361   -227
   2932   1360  -5068  -1312    311   -316
   2900   1324  -4808  -1360    277   -343
   3040   1332  -4868  -1328    152   -447
   2912   1408  -5032  -1344    120   -563
   2932   1464  -4864  -1328     74   -594
   2868   1392  -4948  -1344    -57   -695
   2764   1276  -4892  -1328   -108   -747
   2820   1484  -4740  -1312   -245   -741
   2776   1316  -4904  -1312   -335   -798
   2732   1232  -4752  -1312   -414   -862
   2900   1288  -4704  -1376   -497   -878
   2864   1252  -4856  -1376   -541   -832
   2640   1208  -5156  -1312   -580   -825
   2820   1152  -4768  -1312   -604   -753
   2904   1204  -5064  -1328   -581   -661
   2744   1112  -4864  -1312   -584   -612
   2924   1164  -5032  -1328   -559   -493
   2864   1076  -4892  -1344   -506   -506
   2772   1256  -5004  -1312   -422   -445
   2672   1064  -4908  -1360   -401   -341
   2848   1196  -4916  -1328   -350   -264
   2772   1140  -4912  -1312   -283   -201
   2748   1116  -4972  -1328   -209   -178
   2896   1316  -4976  -1312   -143   -142
   2920   1168  -5060  -1296   -121   -136
   2892   1284  -4992  -1344    -38   -168
   2988   1272  -5180  -1360    -33   -212
   2888   1312  -4896  -1248     20   -290
   3000   1296  -4968  -1328      1   -332
   2896   1356  -4948  -1312     29   -413
   2852   1260  -4912  -1328     52   -437
   3040   1312  -4944  -1312     68   -470
   2824   1428  -4732  -1328     53   -514
   2836   1248  -4732  -1328     45   -620
   2828   1236  -4896  -1296     10   -705
   2880   1180  -5052  -1344    -28   -704
   2872   1276  -5048  -1360    -15   -776
   2780   1248  -4884  -1344    -64   -775
   2812   1212  -5008  -1328    -56   -782
   2716   1260  -4812  -1312    -82   -705
   2764   1324  -4984  -1344   -109   -705
   2676   1140  -4956  -1328   -111   -682
   2824   1076  -4944  -1344   -144   -642
   2872   1192  -4976  -1328   -170   -606
   2980   1284  -5008  -1280   -160   -558
   2940   1268  -5188  -1360   -216   -497
   2812   1296  -4952  -1312   -230   -438
   2720   1124  -4932  -1360   -258   -377
   2968   1276  -5040  -1328   -275   -346
   2664   1180  -4940  -1360   -292   -325
   2800   1452  -5004  -1312   -343   -312
   2820   1356  -5036  -1328   -350   -303
   2892   1320  -4952  -1312   -383   -348
   2892   1380  -4836  -1312   -455   -342
   2848   1228  -5100  -1328   -445   -423
   2756   1396  -4776  -1312   -445   -423
   2960   1372  -4992  -1360   -410   -480
   2944   1324  -5008  -1312   -443   -489
   2820   1272  -5168  -1328   -394   -538
   2924   1316  -4820  -1344   -368   -557
   2812   1184  -4776  -1312   -334   -568
   2832   1280  -4956  -1280   -321   -569
   2812   1168  -4752  -1344   -243   -624
   2820   1136  -4952  -1312   -158   -613
   2740   1328  -4988  -1312   -116   -571
   2800   1140  -5132  -1296    -50   -563
   2680   1144  -4916  -1344     51   -550
   2772   1140  -4880  -1344     81   -565
   2776    980  -4812  -1328     96   -530
   2772   1128  -4860  -1376    143   -501
   2744   1172  -4964  -1328    228   -433
   2752   1156  -4884  -1376    215   -417
   2616   1200  -4928  -1328    235   -367
   2872   1276  -4712  -1312    224   -337
   2912   1212  -4848  -1328    213   -364
   2684   1348  -4816  -1280    127   -409
   2944   1340  -4932  -1328     97   -428
   3020   1512  -4776  -1312      4   -444
   2820   1360  -4852  -1328    -81   -437
   2888   1500  -5052  -1312   -144   -477
   2916   1400  -5048  -1360   -250   -532
   2984   1388  -4920  -1312   -367   -581
   2796   1504  -4672  -1328   -433   -642
   2972   1336  -5020  -1328   -509   -707
   2952   1340  -5012  -1344   -577   -703
   3016   1272  -4804  -1360   -654   -733
   2860   1188  -4908  -1312   -679   -713
   2976   1284  -4928  -1328   -661   -680
   2832   1368  -5056  -1312   -647   -664
   2884   1220  -4992  -1328   -663   -625
   2812   1196  -4960  -1312   -564   -587
   2948   1180  -5024  -1296   -554   -582
   2800   1040  -5100  -1344   -449   -482
   2732   1152  -5112  -1312   -392   -430
   2824   1088  -5004  -1344   -276   -421
   2860   1120  -4840  -1296   -157   -303
   2800   1036  -5188  -1312    -62   -280
   2720   1140  -5076  -1328     40   -268
   2752   1120  -5048  -1344     81   -185
   2844   1176  -4972  -1296    200   -244
   2852   1260  -4840  -1312    272   -209
   2880   1304  -4916  -1328    274   -239
   2932   1240  -4816  -1376    346   -289
   2756   1344  -4944  -1328    314   -261
   2824   1424  -4900  -1296    302   -335
   2992   1348  -5028  -1376    254   -380
   2984   1360  -4880  -1296    195   -439
   2844   1492  -4924  -1312    129   -550
   2776   1496  -5040  -1344     15   -640
   2836   1300  -4776  -1344    -64   -692
   2924   1496  -4996  -1312   -118   -766
   2928   1388  -4780  -1296   -178   -782
   2900   1312  -4940  -1312   -282   -838
   2896   1360  -5044  -1296   -366   -820
   2820   1300  -4912  -1280   -415   -875
   3052   1388  -5160  -1296   -479   -835
   2684   1400  -4856  -1312   -500   -818
   2804   1360  -5064  -1328   -545   -738
   2840   1220  -4932  -1312   -566   -665
   2704   1116  -4960  -1360   -566   -619
   2812   1100  -4996  -1312   -499   -533
   2824   1132  -4836  -1296   -472   -465
   2908   1184  -5060  -1344   -427   -399
   2884   1156  -5036  -1360   -376   -313
   2612   1264  -4724  -1344   -355   -290
   2928   1268  -4920  -1328   -306   -241
   2792   1144  -4888  -1344   -247   -168
   2888   1272  -4884  -1360   -156   -104
   2932   1224  -5092  -1360   -111   -129
   2940   1296  -5044  -1312    -63   -121
   2916   1260  -4888  -1360    -44   -211
   2980   1244  -4912  -1344      1   -221
   2892   1276  -4892  -1328     -2   -291
   2944   1372  -4892  -1312     11   -369
   2820   1364  -4908  -1328     64   -413
   2908   1368  -4828  -1312     16   -470
   2824   1384  -5020  -1328     36   -526
   2940   1404  -4996  -1328      2   -617
   2872   1336  -5016  -1312      9   -663
   2836   1284  -4916  -1296    -35   -728
   2808   1388  -4928  -1312    -52   -735
   2848   1316  -4772  -1328    -69   -813
   2820   1204  -4968  -1312    -96   -833
   2948   1180  -4948  -1360    -76   -803
   2760   1384  -4976  -1344    -81   -732
   2756   1128  -4912  -1328   -148   -724
   2668   1132  -4940  -1344   -142   -670
   2744   1100  -4940  -1296   -149   -666
   2812   1076  -5000  -1328   -171   -607
   2716   1360  -4944  -1280   -200   -570
   2840   1244  -4892  -1360   -236   -457
   2688   1240  -4704  -1344   -223   -407
   2816   1344  -4956  -1312   -259   -401
   2876   1172  -5052  -1328   -271   -333
   2836   1264  -4944  -1312   -317   -292
   3060   1484  -4956  -1360   -323   -321
   3076   1272  -5044  -1344   -388   -336
   2800   1324  -4864  -1296   -438   -310
   2832   1220  -4808  -1328   -417   -354
   2896   1296  -4996  -1376   -393   -379
   2912   1356  -4976  -1344   -439   -383
   2884   1364  -4992  -1328   -409   -389
   2944   1256  -4884  -1296   -379   -472
   2896   1180  -4992  -1360   -398   -486
   2744   1372  -4872  -1312   -334   -527
   2816   1064  -4976  -1328   -332   -562
   2728   1160  -4892  -1360   -267   -567
   2856   1120  -5060  -1344   -181   -589
   2920   1128  -5196  -1328   -139   -596
   2700   1236  -4936  -1344    -91   -583
   2648    988  -4924  -1296    -32   -590
   2696   1000  -5048  -1328     44   -573
   2812   1072  -4976  -1344     92   -588
   2668   1168  -5236  -1360    140   -569
   2772   1148  -5028  -1312    157   -519
   2768   1220  -4900  -1328    185   -474
   2688   1128  -5068  -1344    207   -440
   2856   1156  -4904  -1264    184   -447
   2860   1216  -4736  -1312    178   -459
   2768   1348  -4868  -1376    137   -450
   2852   1356  -5192  -1280     69   -493
   2928   1324  -4736  -1264     18   -457
   2852   1296  -4876  -1312    -40   -519
   2828   1428  -4824  -1360    -93   -515
   2980   1424  -4892  -1296   -198   -521
   2856   1268  -4844  -1312   -303   -591
   2892   1416  -4860  -1296   -332   -588
   2928   1344  -5000  -1344   -476   -629
   2948   1316  -4988  -1280   -544   -628
   2928   1456  -4840  -1360   -573   -662
   2908   1392  -5064  -1344   -629   -695
   2920   1284  -4928  -1312   -590   -611
   2868   1248  -4804  -1328   -642   -621
   2768   1268  -4924  -1312   -623   -595
   2832   1140  -4952  -1344   -566   -542
   2780   1172  -4968  -1280   -512   -508
   2820   1084  -5044  -1344   -433   -510
   2824   1184  -5032  -1264   -377   -414
   2700   1108  -4956  -1312   -308   -376
   2836   1072  -5152  -1264   -172   -307
   2820   1176  -4848  -1328    -88   -275
   2812   1068  -5028  -1312     -3   -257
   2700   1096  -4976  -1328     62   -226
   2864   1380  -4968  -1280    113   -240
   2860   1296  -4892  -1344    205   -265
   2856   1176  -4752  -1312    221   -277
   2844   1276  -5124  -1280    219   -290
   2840   1276  -5052  -1328    266   -314
   2816   1232  -4776  -1344    223   -382
   2732   1372  -4968  -1296    188   -448
   2712   1388  -4800  -1344    177   -481
   2740   1376  -4752  -1328    138   -592
   2852   1336  -4772  -1312     46   -667
   2924   1472  -4788  -1328    -28   -714
   2928   1300  -4828  -1328   -106   -757
   2988   1496  -5016  -1264   -186   -797
   2752   1360  -4632  -1312   -263   -843
   2784   1352  -5032  -1328   -328   -852
   2844   1284  -4952  -1312   -409   -830
   2892   1332  -4892  -1296   -448   -811
   2816   1344  -4796  -1344   -466   -812
   2768   1264  -4888  -1296   -543   -773
   2840   1232  -5000  -1344   -529   -715
   2772   1204  -4948  -1328   -515   -625
   2632   1144  -4976  -1360   -484   -531
   2808   1184  -5216  -1328   -440   -449
   2988   1216  -4908  -1280   -426   -335
   2816    984  -4996  -1296   -376   -289
   2808   1152  -4908  -1344   -342   -247
   2908   1172  -4964  -1280   -241   -198
   2832   1148  -4904  -1280   -230   -160
   2728   1168  -5036  -1344   -164   -126
   2912   1192  -4900  -1360   -135   -113
   2760   1280  -4964  -1312   -102   -114
   2820   1308  -4928  -1328    -61   -157
   2780   1396  -4744  -1280    -28   -206
   2736   1352  -4728  -1296     -6   -296
   2768   1256  -5156  -1312     -3   -323
   3004   1424  -4880  -1296    -24   -433
   2896   1368  -4912  -1344     12   -488
   2844   1300  -5148  -1312      6   -556
   2800   1272  -4820  -1344    -38   -597
   2800   1328  -4892  -1328    -18   -683
   2744   1204  -4716  -1312    -56   -756
   2684   1360  -5036  -1264    -76   -828
   2868   1328  -4820  -1312   -106   -835
   2780   1164  -5084  -1344    -85   -837
   2828   1136  -4888  -1312    -72   -846
   2792   1156  -4928  -1360   -113   -848
   2652   1164  -4976  -1296   -119   -748
   2776   1196  -5080  -1328   -113   -672
   2784   1324  -5068  -1280   -136   -672
   2852   1240  -5108  -1296   -149   -635
   2748   1160  -4976  -1248   -199   -541
   2680   1196  -5016  -1312   -207   -466
   2984   1304  -5004  -1296   -234   -433
   2876   1280  -4884  -1328   -265   -396
   2840   1240  -4760  -1344   -214   -317
   2904   1364  -4984  -1296   -292   -289
   2844   1328  -5092  -1296   -298   -292
   3008   1368  -5028  -1248   -318   -256
   2896   1304  -4936  -1296   -360   -286
   2824   1208  -5060  -1280   -357   -329
   2932   1332  -4832  -1232   -387   -324
   2908   1308  -4860  -1344   -383   -338
   2924   1364  -4852  -1296   -380   -357
   2960   1212  -5356  -1312   -370   -402
   2792   1292  -4880  -1296   -367   -425
   2840   1252  -5052  -1312   -330   -486
   2716   1216  -4900  -1296   -326   -521
   3056   1248  -5052  -1280   -266   -547
   2920   1032  -4988  -1328   -266   -595
   2820   1208  -4836  -1312   -183   -564
   2884   1112  -4984  -1264   -101   -600
   2796   1008  -4872  -1312    -78   -556
   2924   1092  -4968  -1296    -10   -607
   2692   1080  -4980  -1312     64   -594
   2812   1152  -4972  -1296    112   -595
   2820   1180  -5116  -1264     96   -536
   2784   1132  -5020  -1296    147   -560
   2736   1368  -5036  -1312    163   -532
   2868   1144  -5084  -1296    146   -463
   2852   1288  -5024  -1312    155   -499
   2828   1220  -4920  -1344     96   -473
   2892   1432  -4828  -1312     70   -489
   2824   1460  -4904  -1328     52   -483
   2968   1308  -5028  -1280    -72   -517
   2876   1376  -5072  -1296   -119   -538
   2808   1468  -4996  -1344   -176   -570
   2876   1416  -4936  -1328   -281   -537
   2848   1476  -4908  -1280   -316   -579
   3008   1444  -5024  -1296   -388   -613
   3056   1432  -5040  -1344   -444   -616
   2932   1400  -4988  -1328   -534   -618
   2912   1260  -4884  -1312   -587   -641
   2904   1296  -4976  -1360   -595   -577
   3028   1296  -5092  -1296   -564   -567
   2836   1284  -4960  -1344   -529   -603
   2820   1232  -5020  -1328   -525   -504
   2824   1232  -5204  -1280   -506   -479
   2832   1188  -4812  -1344   -458   -463
   2988   1112  -4992  -1328   -372   -432
   2752   1160  -5036  -1280   -313   -374
   2664   1268  -5076  -1328   -197   -349
   2808   1136  -5168  -1360   -122   -333
   2608   1056  -4836  -1344    -79   -295
   2732   1252  -4916  -1296     13   -250
   2820   1124  -4836  -1312     92   -238
   2768   1232  -5232  -1312    143   -242
   2808   1208  -4952  -1328    156   -304
   2836   1244  -4968  -1264    243   -339
   2828   1336  -4928  -1312    223   -372
   2880   1388  -4984  -1264    194   -377
   2988   1344  -4996  -1280    182   -460
   2808   1448  -4768  -1360    115   -495
   2744   1276  -4872  -1344    113   -544
   2988   1496  -4916  -1328     52   -691
   2868   1404  -4844  -1312    -13   -737
   2984   1508  -4736  -1296   -108   -751
   2904   1348  -4796  -1312   -160   -801
   2812   1540  -4856  -1328   -280   -824
   2948   1352  -4788  -1344   -277   -814
   2800   1292  -5020  -1360   -353   -847
   2948   1380  -5128  -1376   -385   -793
   2656   1224  -4992  -1296   -413   -791
   2868   1164  -5088  -1312   -478   -726
   2856   1164  -4784  -1280   -508   -632
   2860   1176  -4920  -1296   -500   -565
   2772   1196  -5000  -1312   -450   -524
   2764   1180  -4824  -1328   -388   -440
   2856   1120  -4936  -1296   -388   -339
   2700   1180  -4856  -1344   -366   -288
   2868   1092  -5048  -1328   -314   -196
   2768   1232  -4880  -1296   -317   -164
   2804   1112  -5008  -1312   -224   -146
   2904    960  -5012  -1328   -190   -146
   2856   1216  -4980  -1312    -89   -129
   2764   1248  -5048  -1328    -85   -117
   2996   1232  -4852  -1296   -102   -136
   2732   1264  -4968  -1312    -52   -189
   3036   1376  -4792  -1296    -52   -260
   2728   1468  -4952  -1344    -41   -338
   2940   1252  -4776  -1296    -37   -429
   2932   1304  -4988  -1296    -21   -503
   2796   1304  -4868  -1280    -47   -551
   2784   1412  -4940  -1312    -46   -585
   2756   1276  -4832  -1296    -69   -668
   2832   1176  -4880  -1312    -60   -763
   2800   1284  -5028  -1328    -62   -819
   2820   1304  -5056  -1280    -98   -836
   2876   1240  -5196  -1328   -117   -900
   2940   1196  -4812  -1360   -136   -854
   2792   1300  -4848  -1280   -148   -810
   2712   1096  -5132  -1376   -102   -813
   2804   1116  -5060  -1296   -127   -742
   2732   1244  -5084  -1312   -102   -709
   2868   1108  -4920  -1296   -145   -633
   2784   1204  -4940  -1296   -190   -565
   2744   1144  -4984  -1312   -221   -481
   2796   1292  -4820  -1344   -191   -424
 