   2736   1060  -4928   -752   -134   -536
   2720   1100  -4916   -720   -144   -527
   2584   1056  -5032   -736   -159   -565
   2660   1064  -5064   -688   -139   -585
   2580   1136  -5160   -688   -146   -594
   2624   1048  -5200   -720    -73   -449
   2504   1164  -4916   -704    -56   -384
   2660   1072  -5048   -672    -76   -380
   2636   1108  -4952   -688    -53   -399
   2664   1092  -5092   -688    -72   -460
   2672    996  -5300   -688   -140   -518
   2504    980  -5160   -704   -158   -541
   2532    984  -4956   -704   -124   -442
   2560   1056  -4832   -720    -80   -494
   2652   1008  -5124   -752     92   -437
   2540   1068  -5148   -752     64   -443
   2676    972  -5244   -704     18   -460
   2720   1000  -5092   -720    -79   -450
   2712   1176  -5004   -752   -220   -400
   2680   1160  -5160   -752   -203   -410
   2572   1000  -5264   -736   -152   -411
   2656   1048  -5108   -736    -94   -433
   2704   1080  -5092   -736    -91   -502
   2564    908  -4900   -752   -106   -541
   2964   1236  -4880   -736   -145   -742
   3292   1544  -4840   -704   -128   -880
   3148   1496  -5156   -704   -338   -786
   3088   1448  -5080   -720   -723   -598
   3060   1372  -4968   -704  -1115   -387
   3052   1192  -4992   -768  -1241   -410
   2812   1164  -4940   -752  -1036   -584
   2856   1304  -4956   -752   -799   -725
   2668   1100  -5128   -688   -684   -751
   2828   1048  -5344   -736   -801   -440
   2520    924  -5088   -736   -978   -100
   2716    856  -5008   -720   -920    141
   2504    884  -4836   -720   -619    131
   2756    784  -4828   -736   -233    -11
   2632    720  -4904   -736     64   -177
   2604    916  -5148   -784    100   -184
   2672    844  -5320   -752    -50    -46
   2640   1084  -4908   -704   -115    141
   2768   1096  -5100   -752      9    134
   2756   1108  -4744   -736    390      7
   2796   1196  -4784   -784    750   -278
   2944   1284  -4940   -704    838   -495
   2744   1216  -4996   -736    670   -603
   2956   1508  -4864   -720    295   -600
   3016   1280  -5056   -752    115   -679
   3040   1520  -4892   -736    151   -869
   3072   1568  -4756   -768    404  -1102
   3020   1440  -4792   -752    474  -1291
   3144   1436  -5024   -752    356  -1320
   3088   1356  -5184   -768    -12  -1214
   3024   1404  -4972   -736   -337  -1158
   3144   1232  -4816   -784   -456  -1191
   2916   1424  -4868   -800   -366  -1263
   3012   1348  -4964   -752   -208  -1304
   2816   1040  -5020   -768   -175  -1194
   2756   1128  -5104   -752   -308   -874
   2808   1048  -5396   -768   -526   -507
   2728   1044  -4976   -704   -625   -201
   2684   1012  -5192   -720   -520    -99
   2744    952  -5004   -720   -265    -87
   2840    860  -4988   -688    -38    -78
   2752    932  -5004   -736    -59     81
   2828   1056  -5064   -752   -230    382
   2880   1036  -5152   -768   -384    651
   2732   1100  -4940   -752   -384    815
   2764   1152  -4840   -768   -158    635
   2760   1164  -4924   -752     44    392
   2920   1280  -4776   -752     75    159
   2960   1232  -5368   -752   -141     58
   3040   1220  -5036   -768   -363     15
   3016   1544  -4940   -784   -492    -63
   3068   1384  -4720   -800   -415   -219
   2908   1504  -4756   -784   -140   -556
   2900   1384  -4816   -736    -34   -869
   2856   1488  -5056   -752    -34  -1080
   2964   1188  -4904   -752   -297  -1175
   2764   1096  -5228   -768   -602  -1275
   2776   1192  -4768   -752   -555  -1367
   2808   1252  -4860   -752   -338  -1455
   2876   1084  -4836   -736    -33  -1601
   2772    888  -4908   -736    139  -1603
   2756    836  -5192   -752     38  -1464
   2808    924  -5040   -768   -153  -1210
   2880    912  -5000   -768   -183  -1101
   2848    880  -5128   -752    -38   -987
   2752    920  -5056   -752    205   -977
   2852    972  -5316   -768    484   -867
   2696    888  -5124   -768    509   -591
   2804   1160  -5200   -816    347   -201
   2968   1136  -5008   -736    179    112
   2840   1172  -5140   -720    119    250
   2984   1152  -4920   -752    206    294
   2948   1216  -4988   -816    341    173
   2920   1400  -5024   -736    300    138
   2940   1392  -5036   -768     38    218
   3116   1420  -4920   -784   -300    355
   3064   1628  -4720   -768   -547    413
   2916   1556  -4644   -768   -592    275
   2852   1548  -4724   -800   -519    -20
   2932   1384  -4876   -784   -469   -312
   2988   1424  -4956   -832   -579   -434
   2676   1328  -5092   -768   -857   -496
   2868   1228  -4984   -752  -1089   -459
   2752   1236  -4944   -800  -1087   -520
   2764   1212  -4856   -784   -858   -723
   2828   1148  -4876   -784   -626   -940
   2636    964  -5112   -784   -429  -1093
   2656   1024  -5048   -800   -502  -1092
   2596    972  -5092   -752   -630  -1003
   2612    820  -5028   -816   -610   -922
   2476    948  -4900   -784   -354   -940
   2684    916  -4816   -800      7  -1020
   2720    876  -5100   -768    336  -1018
   2476    936  -5172   -832    414   -935
   2784    908  -5332   -800    392   -775
   2728   1008  -5168   -832    286   -559
   2744   1112  -5024   -832    330   -476
   2728   1044  -4836   -784    576   -479
   2936   1368  -4808   -800    755   -567
   2852   1340  -4952   -816    815   -462
   3108   1372  -5056   -832    684   -389
   3004   1356  -4988   -816    385   -259
   3088   1324  -4996   -800    100   -185
   3116   1568  -4836   -784     68   -240
   3100   1508  -4956   -800    150   -406
   3160   1556  -4928   -816    108   -508
   3016   1496  -4912   -816    -44   -479
   3176   1488  -5184   -800   -386   -373
   2968   1524  -4960   -816   -720   -261
   2936   1256  -4976   -768   -867   -269
   2880   1412  -4748   -832   -801   -413
   3024   1228  -5052   -816   -666   -575
   2716   1020  -5132   -752   -666   -611
   2680   1168  -5028   -800   -739   -523
   2732    936  -5404   -784   -937   -301
   2728    920  -4968   -864   -943   -190
   2556    900  -4836   -800   -806   -162
   2628    900  -4848   -816   -502   -275
   2616    952  -4992   -832   -243   -375
   2472    928  -5064   -752   -183   -393
   2716    900  -5088   -832   -261   -284
   2688    824  -5100   -816   -333   -168
   2536   1124  -4860   -784   -219   -178
   2744   1060  -4928   -816     60   -236
   2740   1016  -4528   -800    359   -406
   2884   1060  -4776   -832    498   -545
   2880   1200  -5100   -784    455   -535
   2980   1200  -4916   -800    246   -550
   3016   1228  -4952   -816    158   -550
   3072   1352  -4824   -816    214   -703
   2960   1392  -4796   -784    368   -862
   3176   1448  -4832   -800    485  -1034
   3020   1376  -4796   -848    377  -1047
   3140   1324  -5032   -848    120   -969
   3096   1380  -4900   -832   -129   -905
   3004   1268  -5048   -800   -224   -925
   3124   1428  -4936   -832   -183   -987
   2964   1268  -4952   -832    -39  -1059
   2880   1252  -5076   -864    -57   -977
   2912   1172  -5140   -816   -144   -809
   2824   1016  -5160   -848   -344   -544
   2704   1068  -5252   -800   -489   -351
   2784   1152  -4928   -816   -452   -218
   2868   1000  -4980   -832   -246   -252
   2676   1000  -4908   -800    -98   -212
   2740    988  -5088   -768    -88    -62
   2524    904  -5176   -816   -228    141
   2600   1152  -5092   -800   -374    380
   2668   1220  -5000   -832   -381    466
   2780   1172  -4896   -800   -246    360
   2856   1048  -4764   -832    -93    216
   2768   1096  -4936   -816    -28     50
   2816   1112  -4984   -800   -158     -9
   2852   1356  -5040   -800   -318    -14
   2884   1408  -4864   -864   -436    -85
   2768   1332  -4684   -816   -410   -249
   3012   1264  -4704   -832   -203   -525
   2840   1332  -4908   -880    -81   -766
   2928   1184  -4836   -816   -148   -990
   2768   1360  -4920   -848   -300   -995
   2936   1232  -4896   -800   -487  -1081
   2936   1236  -5088   -816   -472  -1177
   2936   1228  -5104   -784   -351  -1331
   3068   1228  -5064   -848   -102  -1417
   2896   1044  -5180   -816     21  -1464
   2792   1124  -5100   -816    -17  -1363
   2884    912  -4908   -800   -138  -1174
   2796   1048  -5024   -864   -196  -1042
   2684   1004  -4784   -848    -69   -935
   2832    956  -4724   -864    181   -911
   2760    980  -4956   -848    347   -804
   2788   1076  -5072   -864    403   -615
   2832   1100  -5468   -880    286   -355
   2800   1048  -5300   -864    172    -81
   2844   1036  -5012   -848    171    132
   2776   1124  -5008   -800    222    138
   2944   1312  -5036   -864    316    156
   2940   1236  -4884   -832    330    136
   2888   1212  -5012   -816    148    257
   3076   1440  -5012   -832    -90    336
   3016   1336  -5080   -864   -297    361
   3008   1340  -5020   -880   -397    246
   2924   1388  -4916   -864   -358     44
   2900   1388  -4752   -864   -393   -205
   3036   1372  -5008   -848   -483   -350
   2896   1272  -4976   -864   -656   -421
   2860   1380  -5016   -800   -896   -445
   2792   1400  -4984   -880   -955   -518
   2920   1248  -4912   -832   -829   -721
   2868   1108  -4956   -880   -681   -913
   2648   1112  -4912   -816   -559  -1104
   2768   1044  -5124   -880   -607  -1080
   2624    988  -4988   -864   -682  -1047
   2780    960  -5032   -848   -654   -989
   2688    884  -5200   -832   -468   -995
   2836    960  -4944   -832   -224  -1053
   2736    824  -5108   -848     72  -1031
   2828    972  -5256   -864    178   -968
   2800    892  -5160   -832    178   -810
   2860   1124  -5132   -864    117   -667
   2836    904  -5012   -848    233   -544
   2728   1064  -5120   -928    413   -504
   2896   1188  -5072   -848    607   -521
   2856   1096  -5168   -864    703   -453
   2948   1192  -5032   -880    622   -360
   3068   1304  -5016   -864    434   -161
   3060   1428  -5056   -880    290    -71
   3040   1392  -4984   -880    211   -137
   2956   1528  -4812   -880    231   -225
   3184   1528  -4976   -848    195   -300
   3108   1412  -5036   -864     86   -313
   3044   1356  -4776   -864   -180   -262
   3072   1324  -4948   -848   -431   -228
   2812   1356  -4952   -912   -610   -269
   3112   1392  -4824   -928   -599   -339
   2840   1236  -4892   -832   -561   -490
   2800   1204  -4720   -848   -560   -566
   2840   1216  -5152   -864   -678   -538
   2716   1028  -5180   -848   -839   -449
   2764   1076  -5124   -864   -909   -324
   2484    936  -4992   -912   -829   -347
   2644   1044  -4872   -864   -601   -443
   2596    944  -4864   -896   -433   -529
   2732    932  -4968   -864   -412   -525
   2516    868  -5012   -880   -407   -472
   2640    812  -5036   -832   -424   -352
   2832    896  -4976   -864   -358   -333
   2724   1052  -5104   -912   -127   -400
   2684   1056  -5048   -880    125   -530
   2840    932  -4868   -880    258   -594
   2788   1064  -5028   -832    244   -597
   2796   1200  -4648   -896    189   -546
   2892   1112  -4868   -880    119   -554
   3008   1264  -4872   -880    182   -609
   3028   1328  -4820   -832    298   -728
   3024   1320  -5160   -896    405   -833
   3128   1352  -5016   -944    342   -816
   3032   1276  -5196   -864    182   -836
   3048   1312  -4908   -880    -37   -720
   3148   1280  -4784   -880   -148   -774
   3232   1348  -4948   -864   -100   -832
   2904   1396  -4864   -832    -24   -879
   2872   1232  -5084   -864    -23   -829
   2968   1304  -5124   -880    -98   -652
   3036   1128  -5108   -912   -259   -492
   2768   1252  -5124   -864   -331   -334
   2724   1068  -4924   -880   -357   -295
   2788   1100  -4972   -832   -264   -302
   2748   1124  -4988   -912   -142   -297
   2728   1096  -5088   -912   -132   -173
   2832    916  -5184   -896   -236      2
   2724   1024  -4980   -896   -339    141
   2860   1060  -4908   -880   -362    219
   2700   1208  -4884   -912   -282    154
   2712   1252  -4940   -896   -148     24
   2860   1232  -5004   -896   -110   -100
   2672   1148  -5036   -912   -187   -147
   2716   1324  -4780   -864   -310   -164
   2692   1180  -4976   -896   -413   -174
   2788   1168  -4940   -912   -399   -308
   2880   1328  -4816   -928   -233   -518
   3068   1360  -4876   -880   -169   -749
   3064   1324  -4872   -896   -155   -902
   3048   1116  -4816   -896   -296   -951
   3000   1172  -4788   -912   -422   -996
   2896   1184  -4996   -912   -446  -1063
   2896   1272  -4864   -896   -346  -1134
   2928   1280  -5036   -864   -158  -1268
   2924   1176  -5096   -896    -86  -1302
   2872   1112  -4888   -944    -74  -1220
   2940   1080  -5188   -928   -176  -1097
   2780    968  -5008   -928   -195   -954
   2924   1120  -4900   -864    -72   -866
   2900   1040  -5036   -944    115   -813
   2920   1064  -5180   -896    281   -738
   2696    920  -4860   -864    340   -572
   2656   1068  -5208   -880    292   -341
   2956    996  -5084   -896    175   -158
   3104   1092  -5152   -912    191     21
   2812   1052  -5016   -928    259     10
   2876   1208  -5000   -912    331     79
   2916   1252  -5044   -944    352    121
   2792   1272  -5072   -912    188    205
   2936   1236  -5080   -928     -2    248
   2828   1548  -5072   -944   -174    269
   2852   1364  -5068   -880   -272    158
   2972   1432  -4828   -976   -275     -3
   2900   1480  -4780   -896   -298   -202
   2972   1484  -4840   -912   -416   -364
   2996   1404  -4880   -912   -576   -439
   2836   1468  -4968   -928   -731   -480
   2644   1188  -5076   -896   -824   -581
   2852   1160  -4788   -880   -797   -741
   2904   1280  -5016   -880   -666   -961
   2912   1120  -4964   -944   -645  -1044
   2792   1096  -5176   -928   -677  -1123
   2784    960  -5032   -928   -693  -1085
   2976    996  -5180   -912   -707  -1009
   2888    932  -5232   -896   -547  -1014
   2696    916  -5208   -928   -319  -1035
   2704    864  -4932   -912    -98  -1061
   2564    912  -4980   -992      9   -971
   2644    868  -5108   -912     89   -823
   2812    988  -4996   -896     62   -640
   2868    996  -5220   -896    125   -552
   2704   1168  -5096   -912    296   -486
   2908   1148  -4948   -928    513   -430
   2964   1036  -4896   -896    605   -352
   2956   1376  -5172   -944    556   -221
   3020   1160  -4948   -928    447   -126
   3068   1240  -4884   -896    321    -83
   3016   1376  -4908   -928    275    -94
   3088   1436  -5104   -896    287   -112
   3136   1480  -4988   -912    261   -208
   3044   1488  -4924   -928    175   -230
   2920   1368  -4920   -928    -64   -214
   2888   1408  -4924   -912   -252   -225
   2968   1304  -4748   -928   -422   -218
   3100   1344  -4836   -960   -473   -362
   2808   1244  -4992   -928   -489   -480
   2896   1244  -4912   -928   -493   -576
   2908   1276  -5148   -912   -624   -606
   2888   1244  -5168   -928   -735   -525
   2652   1224  -4952   -896   -839   -529
   2684   1004  -4960   -944   -800   -513
   2656   1024  -5076   -960   -657   -583
   2636    952  -4996   -880   -549   -681
   2656    984  -5060   -944   -502   -664
   2712    984  -5052   -896   -474   -619
   2780    960  -4968   -912   -492   -500
   2796   1040  -5236   -912   -374   -508
   2740    948  -4972   -912   -226   -500
   2744   1056  -5020   -912    -57   -593
   2880   1036  -5008   -944     73   -582
   3076   1068  -4992   -912    120   -540
   2768   1188  -4988   -912     94   -526
   2924   1324  -5056   -928     73   -526
   3004   1148  -4904   -944    107   -545
   2988   1280  -4928   -992    293   -583
   3080   1320  -4820   -912    328   -663
   2932   1388  -4796   -960    348   -652
   3116   1220  -5152   -960    218   -634
   3056   1268  -4940   -880     62   -605
   3180   1424  -4868   -928    -45   -625
   2972   1236  -5064   -992    -14   -651
   2960   1416  -4952   -896     17   -692
   2920   1208  -5052   -928     37   -664
   3016   1364  -4960   -912    -45   -570
   2880   1308  -4944   -896   -187   -464
   2844   1128  -5012   -928   -252   -419
   2816   1052  -4948   -912   -261   -351
   2892   1100  -4980   -912   -219   -325
   2864   1012  -5132   -928   -161   -386
   2640   1108  -5096   -960   -177   -260
   2860   1148  -4940   -928   -256   -147
   2736   1128  -5096   -944   -311    -15
   2756    960  -5280   -928   -344     15
   2952   1056  -4856   -928   -292    -31
   2772   1012  -5136   -944   -177   -142
   2600   1160  -4984   -992   -217   -231
   2756   1200  -5168   -928   -245   -247
   2896   1284  -5112   -944   -356   -251
   2908   1204  -4892   -944   -376   -286
   2824   1216  -4944   -928   -373   -396
   2728   1308  -4992   -928   -300   -554
   2924   1352  -4800   -992   -216   -724
   3124   1164  -5020   -912   -238   -791
   2908   1244  -4772   -944   -351   -868
   3004   1204  -4696   -928   -386   -908
   2920   1244  -5016   -912   -403   -954
   3180   1380  -4800   -944   -312  -1011
   3000   1112  -5184   -912   -210  -1065
   2912   1108  -4996   -912   -122  -1108
   3040   1072  -5092   -912    -83  -1072
   2932   1124  -5144   -944   -159   -996
   2924   1136  -4996   -928   -176   -900
   2888    896  -4968   -928    -82   -826
   2768   1112  -4940   -944     68   -713
   2844   1164  -4968   -928    222   -613
   2920   1028  -5136   -944    288   -478
   2908    988  -5200   -912    277   -303
   2780   1120  -5128   -960    226   -171
   2696   1056  -4780   -960    172    -81
   2916    984  -4964   -976    268      3
   2772   1192  -4872   -928    296     34
   2892   1196  -5084  -1008    300     66
   2884   1152  -5048   -896    186    114
   2932   1332  -4952   -912     47    159
   2836   1360  -4936   -944   -120    144
   2744   1244  -5068   -960   -173     70
   2948   1464  -4900   -928   -232    -90
   2852   1460  -4608   -960   -323   -275
   2984   1412  -4784   -992   -360   -426
   3064   1352  -5008   -880   -537   -448
   2872   1336  -4836   -976   -702   -539
   2948   1392  -4924   -992   -769   -659
   2820   1228  -4880   -944   -714   -776
   2828   1216  -5088   -944   -702   -915
   2792   1184  -4820   -912   -660  -1068
   2752    992  -4908   -912   -679  -1114
   2768   1144  -4944   -976   -731  -1066
   2668   1124  -4984   -960   -692  -1047
   2748    944  -4972   -960   -586  -1013
   2796    776  -4940   -960   -366   -991
   2908    864  -5052   -944   -198   -980
   2904   1008  -4780   -992    -77   -882
   2616    844  -5172   -960    -38   -792
   2924    904  -5128   -976     24   -613
   2852    992  -5112   -928    101   -536
   2864   1112  -4940   -976    275   -427
   3056   1136  -4900   -992    438   -383
   2788   1068  -5048   -896    532   -262
   2792   1112  -4956   -912    519   -160
   2900   1168  -5064   -944    431   -103
   2988   1160  -5012   -960    378    -13
   2816   1388  -4980   -944    320    -58
   3072   1348  -4780   -976    343    -94
   3008   1464  -4976   -992    323   -172
   2892   1500  -4804   -960    194   -134
   3036   1300  -5048  -1008     19   -182
   2948   1380  -5080   -960   -149   -204
   2944   1348  -4984   -960   -305   -273
   2744   1300  -4956   -976   -380   -390
   3072   1316  -5052   -976   -428   -547
   2848   1296  -4864  -1024   -491   -620
   2796   1352  -4860   -976   -604   -667
   2736   1180  -4984   -944   -705   -654
   2648   1128  -4740   -944   -799   -638
   2704    992  -4916   -976   -743   -651
   2612   1188  -5172   -992   -658   -682
   2752   1080  -4872   -960   -585   -740
   2668   1076  -5092   -976   -540   -713
   2824    996  -5048   -992   -578   -663
   2748    964  -4936   -976   -533   -594
   2696   1016  -5028   -960   -441   -560
   2876    932  -4920   -928   -290   -549
   2836    936  -5156   -960   -123   -562
   2932   1088  -4864   -976     -6   -562
   2856   1056  -4972  -1008     37   -518
   2800   1136  -5020   -976     12   -523
   2992   1180  -4784   -976     45   -456
   2992   1272  -4844   -960    115   -429
   3012   1152  -4924   -960    207   -461
   3144   1340  -4832  -1008    291   -497
   3096   1164  -5276   -960    294   -513
   3064   1364  -4752  -1008    205   -481
   3020   1184  -4984   -976    113   -456
   3004   1320  -4856  -1024     18   -479
   3168   1328  -4848   -976     21   -554
   2924   1228  -4840   -960     74   -571
   2856   1256  -5128   -960     52   -582
   2980   1356  -4984   -976     -2   -534
   2972   1212  -5048  -1008   -106   -432
   2792   1200  -4832   -960   -176   -414
   3008   1052  -5024   -992   -240   -397
   2800   1260  -4904  -1008   -194   -435
   2824   1132  -5036   -960   -165   -432
   2580   1128  -4948   -992   -202   -389
   2756   1180  -5044   -976   -257   -276
   2828   1140  -5068   -992   -305   -202
   2804   1080  -5016  -1024   -340   -148
   2728   1052  -4892  -1008   -287   -168
   2728   1084  -5020   -944   -234   -305
   2668   1240  -4960  -1024   -235   -328
   2808   1204  -4892  -1040   -295   -341
   2680   1164  -4880  -1040   -390   -368
   2940   1116  -5004   -976   -411   -405
   2952   1244  -5016   -992   -338   -464
   2880   1276  -4920  -1024   -280   -508
   3060   1256  -4636   -976   -256   -679
   2856   1324  -4988  -1008   -273   -757
   2832   1192  -4908  -1024   -352   -798
   3040   1332  -4964   -976   -415   -830
   3048   1336  -5024  -1008   -364   -872
   2808   1156  -4812  -1024   -288   -885
   3024   1184  -4968   -992   -198   -937
   3068   1236  -5008   -976   -133   -920
   2896   1020  -4976  -1040   -133   -895
   2776   1060  -4764   -992   -178   -829
   2912   1104  -5084   -976   -149   -715
   2720   1076  -5032  -1008    -90   -728
   2768    948  -5020  -1056     33   -657
   2900   1120  -4744   -960    204   -534
   2792   1132  -5020  -1008    266   -451
   2796   1064  -5044  -1008    249   -304
   2868   1072  -5020   -960    192   -166
   2952   1104  -5072   -976    208    -98
   2804   1100  -5088   -976    236    -82
   2696   1144  -5088   -992    240    -44
   2764   1012  -5044  -1024    269    -23
   2840   1200  -4840   -976    218     30
   2776   1264  -5072  -1024     90     49
   2916   1412  -4824  -1024    -52     15
   2956   1372  -5048  -1008    -99    -62
   2728   1352  -5012  -1056   -162   -203
   3012   1416  -4960  -1056   -204   -371
   3008   1328  -4936   -976   -352   -447
   2804   1256  -4752   -992   -518   -539
   2840   1328  -4900  -1024   -652   -590
   2852   1352  -4892  -1008   -672   -697
   2968   1336  -4952   -992   -667   -823
   2848   1416  -4828  -1024   -673   -931
   2928   1192  -4964  -1008   -668  -1006
   2816   1112  -4776  -1024   -701  -1021
   2808   1100  -5124  -1008   -745  -1053
   2768   1332  -4992  -1008   -656  -1002
   2688    976  -4848   -960   -568   -985
   2740    912  -5076  -1024   -425   -935
   2756   1060  -5096  -1040   -261   -836
   2868    948  -4860   -992   -134   -795
   2828    920  -5132  -1040   -100   -666
   2772    876  -4872  -1024    -47   -592
   2680   1052  -5032  -1008     72   -462
   2808    948  -4968  -1008    217   -407
   2916   1156  -4864   -992    369   -306
   3000   1056  -5032   -992    480   -203
   2860   1048  -5016  -1008    450   -127
   2852   1116  -4844  -1008    450    -57
   3032   1232  -5044  -1056    349      6
   2948   1452  -4944  -1008    350    -34
   3072   1396  -4972  -1008    332    -79
   3012   1408  -4984   -992    289    -99
   3064   1488  -4944   -992    211   -165
   2868   1400  -4764  -1040     25   -199
   2852   1496  -5008  -1008   -113   -224
   3016   1304  -5008  -1024   -262   -308
   2852   1368  -4896  -1056   -309   -485
   2916   1376  -4872  -1040   -362   -580
   2888   1312  -5400  -1008   -450   -577
   2816   1148  -5264   -960   -574   -771
   2704   1176  -5008  -1056   -676   -783
   2780   1184  -4752  -1072   -708   -742
   2788   1216  -4964  -1008   -722   -767
   2732   1184  -4980  -1024   -693   -772
   2720    984  -4908  -1024   -611   -819
   2652    860  -5052  -1072   -610   -827
   2604    972  -5116   -992   -569   -761
   2772    924  -4788  -1056   -552   -692
   2932    944  -5160  -1040   -436   -630
   2796    920  -5128  -1024   -320   -580
   2752    888  -5044  -1040   -168   -534
   2728   1088  -5168  -1072    -71   -530
   2984   1020  -4904  -1040    -35   -481
   2768   1124  -5048  -1024    -43   -450
   2960   1124  -4996  -1040     22   -380
   2968   1224  -4944  -1056    117   -386
   2884   1308  -4848  -1024    237   -393
   2904   1208  -4768  -1024    231   -365
   3076   1332  -4888  -1072    246   -390
   3008   1180  -5056  -1040    210   -357
   2948   1408  -5160  -1024    105   -382
   2996   1428  -5156  -1040     92   -437
   3008   1268  -5036  -1040    130   -461
   2852   1160  -4952  -1024     88   -484
   2828   1152  -4936  -1024     64   -492
   2880   1248  -4944  -1040      8   -476
   2720   1348  -4800  -1024   -103   -437
   2728   1060  -5008  -1040   -161   -467
   2952   1080  -4896  -1056   -217   -488
   2876   1088  -4944  -1040   -208   -510
   2708   1024  -4952  -1024   -173   -534
   2728   1120  -5024  -1024   -212   -487
   2780   1128  -5116  -1040   -292   -419
   2788    992  -5060   -976   -321   -347
   2728   1100  -4960  -1088   -342   -331
   2748   1184  -4896  -1008   -301   -348
   2812    992  -4864  -1072   -252   -400
   2848   1092  -5008  -1008   -298   -441
   2880   1184  -5120  -1088   -362   -442
   2924   1108  -5064  -1024   -367   -439
   2768   1004  -4724  -1040   -368   -446
   2988   1148  -4956  -1040   -360   -470
   2748   1292  -4820  -1024   -295   -542
   3028   1240  -4920  -1008   -290   -618
   2928   1328  -5156  -1072   -321   -688
   3148   1184  -4988  -1056   -365   -716
   2924   1308  -4760  -1040   -371   -758
   2976   1228  -4928  -1072   -326   -746
   2940   1292  -5012  -1056   -247   -767
   2988   1272  -4904  -1072   -195   -783
   2976   1084  -5112  -1072   -158   -792
   3064   1028  -5016  -1056   -156   -745
   2940   1136  -5132  -1120   -166   -704
   2840   1196  -5104  -1072   -112   -681
   2904    964  -5100  -1088    -49   -662
   2796   1104  -4884  -1072     46   -568
   2824   1024  -5072  -1024    140   -483
   2720   1076  -5148  -1024    238   -407
   2696   1036  -5016  -1072    229   -296
   2736   1112  -4976  -1056    205   -182
   2836   1080  -5068  -1088    181   -163
   2604   1080  -5100  -1056    221   -176
   2740   1040  -4992  -1072    256   -178
   2828   1244  -4972  -1072    233   -134
   2828   1160  -4960  -1120    155   -100
   2808   1288  -5200  -1072     54    -86
   2928   1264  -4904  -1072    -44   -102
   2928   1368  -5052  -1088    -89   -181
   2888   1156  -5012  -1088   -162   -311
   2860   1380  -4740  -1072   -247   -476
   3104   1328  -4736  -1088   -341   -551
   2860   1360  -5088  -1056   -460   -607
   2992   1352  -4848  -1056   -556   -647
   2880   1224  -5024  -1072   -639   -708
   2832   1176  -4864  -1040   -651   -821
   2764   1136  -4884  -1024   -650   -938
   2932   1296  -4736  -1104   -658  -1024
   3048   1308  -4832  -1072   -709  -1016
   2892   1080  -4888  -1056   -708  -1011
   2952   1064  -4968  -1088   -690   -914
   2800   1100  -5120  -1072   -559   -904
   2860   1020  -4896  -1056   -423   -813
   2656    932  -4860  -1072   -282   -780
   2844   1016  -5224  -1104   -179   -698
   2960    852  -5232  -1088   -134   -592
   2748    876  -5104  -1072    -61   -524
   2852    976  -5104  -1040     80   -409
   2856    932  -5120  -1056    192   -329
   2824    940  -4980  -1024    331   -244
   2748   1184  -4872  -1040    403   -113
   2852   1172  -5052  -1040    441    -97
   2904   1120  -5104  -1072    407    -21
   2756   1312  -4936  -1104    370      3
   3076   1308  -5004  -1072    374    -51
   2868   1476  -5156  -1088    340    -75
   2988   1392  -4960  -1072    300   -137
   2940   1416  -5056  -1056    209   -194
   2880   1388  -4840  -1088     55   -192
   3120   1380  -5176  -1088    -53   -284
   2820   1396  -5072  -1056   -198   -390
   2876   1492  -4948  -1104   -257   -503
   2980   1256  -5112  -1104   -312   -656
   2944   1356  -4924  -1088   -428   -784
   2848   1472  -5060  -1088   -546   -766
   2904   1176  -5040  -1040   -658   -791
   2900   1092  -5076  -1072   -711   -841
   2768   1152  -4880  -1072   -683   -787
   2928   1208  -4952  -1040   -665   -860
   2760   1064  -4956  -1088   -636   -867
   2648    984  -4888  -1088   -649   -829
   2824    976  -5048  -1072   -621   -766
   2696    936  -5136  -1072   -575   -668
   2744   1032  -4996  -1120   -457   -599
   2844    996  -4864  -1104   -357   -525
   2792    900  -4892  -1120   -200   -500
   2796   1140  -5160  -1120   -127   -470
   2876   1116  -4796  -1024    -50   -383
   2768   1004  -5148  -1056    -41   -331
   2976   1112  -4920  -1024     36   -309
   3104   1220  -4952  -1056    109   -235
   2836   1144  -4820  -1104    204   -256
   2956   1260  -4924  -1104    254   -235
   3060   1164  -4856  -1056    250   -245
   3040   1316  -4968  -1088    188   -274
   3088   1328  -4884  -1088    119   -311
   3096   1128  -4892  -1040     88   -389
   3028   1304  -5092  -1104     98   -386
   2872   1416  -4840  -1120    117   -451
   2900   1196  -5044  -1056     74   -485
   2680   1240  -5052  -1120     21   -473
   2960   1264  -4864  -1024    -88   -480
   2744   1204  -5104  -1072   -179   -478
   2780   1180  -4916  -1104   -178   -570
   2884   1124  -4868  -1088   -177   -608
   2756   1000  -5028  -1024   -225   -602
   2708   1220  -5116  -1136   -247   -594
   2672   1124  -5020  -1136   -312   -521
   2848   1152  -5232  -1040   -304   -460
   2656   1076  -5016  -1120   -302   -466
   2792   1076  -5036  -1088   -333   -493
   2832   1120  -5212  -1072   -315   -509
   2868   1012  -4956  -1120   -341   -510
   2808   1108  -5076  -1136   -344   -515
   3040   1192  -5040  -1056   -389   -452
   2764   1144  -5160  -1120   -377   -443
   2932   1188  -4868  -1120   -352   -455
   2896   1288  -4716  -1088   -305   -517
   2932   1292  -4952  -1088   -291   -551
   2888   1280  -5048  -1072   -336   -622
   2892   1244  -5024  -1072   -368   -633
   3000   1220  -4968  -1120   -335   -631
   2956   1204  -4952  -1088   -310   -625
   2932   1216  -4840  -1088   -227   -633
   2764   1172  -4856  -1104   -157   -651
   2904   1208  -4984  -1072   -146   -643
   2952   1180  -4916  -1088   -151   -659
   2864   1124  -5224  -1136   -140   -605
   2988   1144  -5056  -1104   -136   -563
   3012   1036  -4908  -1120    -46   -543
   2764   1120  -5032  -1088     39   -527
   2756   1164  -4904  -1120    155   -464
   2600   1124  -5096  -1120    157   -394
   2908    820  -4936  -1072    151   -279
   2768   1156  -4996  -1072    167   -282
   2732   1080  -4892  -1088    190   -228
   2796   1172  -5024  -1088    180   -272
   2752   1056  -5000  -1072    202   -259
   2896   1168  -5080  -1120    174   -236
   2720   1180  -4916  -1040    110   -191
   2856   1316  -5120  -1120     37   -198
   2844   1264  -5028  -1088      3   -196
   2672   1324  -5072  -1088   -116   -312
   2752   1344  -4852  -1104   -133   -432
   3004   1340  -4896  -1088   -217   -533
   2792   1448  -4940  -1104   -352   -596
   2812   1316  -5068  -1056   -452   -639
   2996   1216  -4888  -1088   -519   -651
   3004   1392  -4928  -1088   -571   -743
   2932   1360  -4936  -1104   -591   -809
   2884   1348  -5040  -1120   -621   -893
   2912   1248  -4964  -1120   -639   -928
   2860   1236  -5104  -1104   -673   -956
   2892   1152  -4836  -1072   -682   -900
   2904   1224  -5172  -1072   -607   -876
   2912    972  -4980  -1104   -547   -807
   2684    988  -5060  -1088   -400   -750
   2920    984  -5052  -1152   -290   -713
   2840    944  -4792  -1104   -234   -597
   2916    912  -5080  -1104   -179   -507
   2764    980  -5024  -1056    -81   -423
   2756   1120  -4872  -1104     47   -349
   2664    996  -4760  -1072    166   -269
   2716   1040  -4808  -1120    294   -202
   2844   1152  -4936  -1104    381   -110
   2772   1036  -4972  -1104    375    -33
   2904   1020  -5032  -1120    361     -3
   2900   1152  -4944  -1104    351    -63
   2812   1292  -5016  -1104    326    -85
   2824   1200  -4992  -1088    321   -167
   2804   1248  -4864  -1104    283   -176
   2932   1348  -4996  -1072    233   -243
   2884   1216  -4928  -1056     95   -287
   2724   1360  -4804  -1104    -30   -375
   3080   1372  -5068  -1120    -87   -498
   2948   1316  -5024  -1088   -246   -628
   2864   1292  -4816  -1104   -289   -743
   2892   1200  -4864  -1104   -400   -819
   2876   1296  -4860  -1136   -494   -834
   2928   1308  -4600  -1136   -587   -823
   2936   1204  -5152  -1120   -644   -848
   2696   1064  -4912  -1056   -638   -902
   2816   1112  -5096  -1104   -662   -941
   2988   1236  -5032  -1072   -679   -914
   2744   1024  -4924  -1120   -619   -845
   2696   1100  -5068  -1104   -604   -778
   2736    948  -5228  -1120   -574   -697
   2916    980  -4980  -1136   -454   -563
   2808   1028  -5000  -1168   -318   -533
   2744   1020  -5072  -1120   -228   -465
   2928   1088  -5168  -1104   -141   -419
   2828   1012  -5012  -1104    -90   -317
   2768   1084  -4968  -1120    -85   -272
   2784   1144  -4948  -1104    -10   -218
   3104   1092  -5012  -1168     85   -165
   2936   1252  -5120  -1104    192   -169
   3060   1100  -5024  -1136    237   -179
   2972   1312  -5124  -1120    210   -184
   2912   1288  -4832  -1088    176   -213
   2984   1360  -4944  -1104    130   -238
   2944   1408  -4976  -1072    118   -298
   2892   1264  -4772  -1120    119   -351
   2912   1252  -5004  -1136     94   -403
   2856   1408  -4804  -1104     60   -440
   2964   1104  -4940  -1104    -38   -494
   2920   1260  -4992  -1088    -52   -540
   2988   1244  -5060  -1120   -146   -608
   2896   1156  -4868  -1104   -169   -672
   2920   1288  -5012  -1120   -187   -689
   2940   1152  -4900  -1072   -221   -694
   2720   1096  -5024  -1088   -272   -695
   2692   1092  -5080  -1152   -296   -625
   2840   1136  -4876  -1072   -356   -576
   2792   1060  -4900  -1104   -343   -574
   2764   1124  -4948  -1120   -327   -577
   2804   1068  -4928  -1104   -320   -603
   2668   1092  -4996  -1136   -336   -610
   2720   1076  -5056  -1088   -352   -509
   2816   1220  -4892  -1104   -369   -499
   2920   1116  -4748  -1120   -354   -463
   2884   1332  -4960  -1104   -344   -438
   3064   1372  -4968  -1136   -286   -476
   2948   1316  -4660  -1072   -291   -489
   3024   1256  -4856  -1088   -294   -518
   2792   1288  -4848  -1088   -318   -495
   3000   1184  -4876  -1072   -321   -518
   3076   1252  -4772  -1120   -286   -534
   2988   1364  -5032  -1104   -210   -493
   3132   1168  -4888  -1120   -174   -531
   3220   1276  -4848  -1152   -155   -519
   3080   1172  -4944  -1136   -176   -549
   2852   1084  -4988  -1088   -162   -527
   3024   1004  -5016  -1136   -123   -540
   2968   1072  -5060  -1088    -64   -489
   2912   1148  -4720  -1152     52   -484
   2768   1088  -4888  -1168     63   -434
   2968   1140  -5000  -1136    116   -403
   2672    972  -5196  -1136     96   -380
   2764   1048  -4904  -1152    115   -364
   2668    960  -4988  -1152    142   -344
   2748    960  -5180  -1136    146   -381
   2792   1236  -4920  -1104    177   -395
   2712   1200  -4996  -1104    166   -317
   2952   1324  -5036  -1120    109   -316
   2732   1172  -5008  -1120     38   -308
   2868   1292  -4852  -1168    -88   -342
   2884   1476  -4828  -1104    -73   -412
   2932   1428  -4964  -1152   -141   -526
   2968   1348  -4996  -1088   -223   -591
   3008   1392  -4948  -1088   -314   -619
   3000   1376  -5040  -1120   -404   -654
   3036   1420  -5032  -1104   -464   -673
   2820   1172  -4984  -1168   -524   -756
   3136   1448  -4868  -1120   -549   -792
   2904   1256  -4916  -1104   -596   -840
   3080   1200  -5208  -1088   -633   -832
   2820   1156  -4956  -1152   -653   -853
   2884   1100  -4864  -1104   -655   -832
   2796   1228  -5192  -1136   -599   -757
   2896   1156  -4932  -1136   -497   -700
   2756   1100  -4824  -1168   -411   -661
   2952   1100  -5060  -1104   -348   -606
   2836    992  -5204  -1120   -220   -515
   2888   1044  -5076  -1120   -173   -454
   2832   1064  -4968  -1120   -110   -357
   2908   1012  -4800  -1152    -16   -272
   2780   1112  -5100  -1152    139   -210
   2984   1084  -5052  -1136    264   -189
   2880   1176  -5080  -1136    314   -122
   2748   1156  -5080  -1152    326    -76
   2948   1328  -5016  -1136    318    -48
   2692   1172  -5092  -1104    333    -92
   2908   1224  -4956  -1120    321   -128
   2856   1272  -4968  -1136    288   -181
   2812   1260  -4900  -1152    285   -239
   2936   1240  -4912  -1152    163   -291
   3100   1444  -4880  -1136     93   -350
   2796   1252  -4976  -1104    -35   -446
   2844   1396  -4992  -1168   -125   -561
   2828   1420  -5060  -1104   -244   -704
   2800   1256  -4780  -1152   -323   -805
   2832   1296  -4984  -1104   -390   -871
   2764   1216  -4776  -1120   -470   -870
   2720   1180  -4856  -1120   -578   -873
   2932   1200  -4868  -1136   -594   -895
   2808   1264  -5276  -1136   -641   -907
   2852   1160  -4908  -1152   -646   -921
   2932   1224  -4992  -1136   -617   -884
   2840    928  -4996  -1120   -615   -844
   2700    976  -5120  -1120   -603   -723
   2736   1032  -4980  -1120   -529   -631
   2972   1140  -4844  -1168   -466   -526
   2748   1056  -4900  -1168   -353   -472
   2812    996  -4992  -1168   -233   -416
   2712    984  -5104  -1168   -191   -343
   2832   1056  -5124  -1088   -141   -259
   2904   1096  -4992  -1136    -71   -188
   2968   1236  -5004  -1152      9   -151
   2884   1052  -4840  -1168     84   -101
   2932   1160  -4920  -1136    164    -85
   2888   1136  -5124  -1152    201    -99
   2976   1160  -4784  -1168    161   -135
   2968   1236  -5152  -1152    111   -164
   2796   1224  -4972  -1152    117   -216
   2796   1232  -4976  -1168    133   -304
   3016   1256  -4924  -1120     95   -412
   3096   1248  -5136  -1184     96   -475
   2876   1252  -5164  -1152     48   -500
   2836   1332  -4856  -1168    -18   -519
   2912   1104  -4908  -1136    -91   -576
   3068   1104  -5004  -1168   -192   -666
   2972   1144  -4932  -1136   -164   -744
   2684   1176  -5016  -1104   -186   -765
   2700   1068  -5116  -1120   -248   -813
   2820   1188  -4976  -1136   -288   -772
   2824   1136  -4940  -1184   -319   -738
   2696   1144  -5088  -1152   -347   -696
   2792   1100  -4976  -1168   -338   -671
   2796   1212  -5076  -1120   -333   -663
   2756   1064  -4952  -1168   -326   -662
   2800   1072  -5040  -1168   -326   -614
   2832   1168  -5084  -1184   -334   -547
   3076   1200  -5104  -1152   -351   -486
   2736   1208  -4956  -1184   -295   -439
   2688   1168  -5072  -1168   -305   -421
   2968   1172  -5272  -1152   -275   -414
   3044   1124  -5140  -1152   -283   -405
   2988   1308  -4940  -1200   -314   -450
   2776   1316  -4760  -1168   -314   -437
   3100   1308  -5016  -1168   -288   -405
   3052   1152  -5084  -1168   -249   -404
   3016   1144  -5060  -1120   -238   -403
   2924   1084  -5032  -1184   -174   -392
   3152   1160  -4956  -1152   -221   -388
   2916   1200  -4880  -1152   -246   -394
   3020   1060  -5068  -1200   -188   -444
   2848   1084  -4916  -1200   -166   -466
   2728   1132  -4996  -1120    -76   -563
   2764   1220  -4920  -1168    107   -585
   2760   1152  -5152  -1136    183   -517
   2744   1180  -5036  -1168     87   -397
   2924    936  -4868  -1136     14   -249
   2876   1088  -4864  -1120      9   -335
   2772    996  -4916  -1152    151   -453
   3004   1088  -4960  -1168    238   -599
   2616   1136  -5152  -1152    209   -564
   2768   1104  -4744  -1168    117   -528
   2672   1200  -5276  -1168      7   -394
   2628   1232  -5112  -1184    -54   -309
   2764   1220  -4784  -1152    -59   -324
   2660   1184  -4720  -1216    -16   -470
   2940   1164  -5044  -1152     20   -629
   2840   1192  -4864  -1152   -138   -746
   3096   1384  -5020  -1136   -338   -706
   2940   1368  -5056  -1136   -500   -607
   3144   1272  -4736  -1168   -588   -559
   3176   1328  -5048  -1168   -504   -650
   3224   1372  -4816  -1184   -372   -735
   2860   1232  -4908  -1152   -450   -807
   3084   1184  -5080  -1168   -555   -741
   2940   1120  -5196  -1152   -719   -710
   2780   1216  -4864  -1168   -778   -702
   3024   1280  -4908  -1168   -647   -678
   2740   1132  -4920  -1184   -486   -663
   2836   1108  -4612  -1120   -300   -606
   2668   1084  -5108  -1136   -282   -501
   2812   1112  -5240  -1152   -255   -396
   2936    948  -4908  -1120   -273   -366
 