    444  -1420  -5560   -736   -184   -485
    576  -1360  -5516   -784   -210   -496
    440  -1572  -5672   -768   -232   -510
    448  -1504  -5596   -768   -232   -508
    576  -1716  -5484   -784   -201   -510
    632  -1456  -5532   -736   -231   -527
    484  -1396  -5348   -800   -197   -517
    548  -1612  -5516   -800   -234   -477
    388  -1448  -5288   -752   -247   -502
    452  -1532  -5408   -736   -208   -507
    544  -1564  -5252   -784   -230   -489
    508  -1472  -5412   -784   -200   -488
    440  -1528  -5312   -848   -196   -509
    468  -1524  -5444   -768   -248   -516
    456  -1540  -5516   -784   -238   -469
    328  -1604  -5368   -768   -204   -499
    468  -1612  -5688   -736   -209   -512
    552  -1428  -5296   -800   -192   -515
    596  -1480  -5372   -784   -239   -507
    600  -1484  -5316   -768   -253   -469
    464  -1528  -5444   -800   -284   -535
    576  -1496  -5432   -768   -235   -544
    496  -1408  -5500   -784   -228   -520
    552  -1520  -5484   -768   -219   -525
    460  -1596  -5512   -768   -242   -500
    292  -1420  -5232   -816   -232   -530
    400  -1764  -5408   -800   -228   -553
    240  -1784  -5408   -784   -209   -597
    268  -1792  -5556   -784   -212   -689
    572  -1616  -5444   -752   -207   -765
   1040  -1304  -5496   -800   -306   -773
     96  -1332  -5156   -800   -104   -813
   1792   -944  -5920   -784   -195   -530
    552  -1252  -5204   -768   -104   -195
    840  -1196  -5284   -800   -149   -101
    432  -1188  -5268   -768   -192   -187
    632  -1504  -5396   -784   -258   -248
    368  -1900  -5472   -784   -233   -237
    256  -1688  -5616   -784   -233   -204
    248  -1632  -5536   -768   -353   -264
    392  -1664  -5448   -784   -438   -378
    832  -1424  -5300   -800   -418   -534
   1188  -1120  -5628   -768   -310   -442
   1104  -1180  -5528   -816   -301   -379
    696  -1292  -5444   -784   -317   -246
    128  -1560  -5500   -752   -365   -270
    156  -1788  -5352   -832   -402   -338
    136  -1912  -5252   -816   -357   -550
    256  -1856  -5444   -800   -329   -753
    412  -1536  -5588   -784   -369   -770
    680  -1504  -5352   -768   -362   -719
    896  -1300  -5324   -848   -299   -749
   1164  -1548  -5308   -768   -210   -670
    744  -1276  -5228   -816   -136   -687
    716  -1460  -5376   -800   -206   -647
    488  -1832  -5496   -800   -285   -637
     76  -1932  -5344   -800   -235   -702
    244  -1932  -5348   -784   -126   -774
    548  -1732  -5508   -832   -112   -840
   1028  -1336  -5492   -800   -145   -822
   1284  -1272  -5636   -784   -166   -716
   1428  -1220  -5284   -800   -132   -560
   1144  -1364  -5348   -848    -36   -454
    812  -1620  -5364   -816    -42   -389
    484  -1664  -5352   -848    -82   -426
    192  -1708  -5408   -864   -137   -457
    324  -1764  -5168   -848   -179   -463
    776  -1644  -5260   -800   -144   -444
    720  -1340  -5560   -752   -116   -417
    908  -1228  -5436   -832   -166   -393
   1152  -1072  -5320   -816   -168   -318
   1020  -1296  -5272   -816   -252   -237
    796  -1544  -5312   -800   -180   -163
    400  -1472  -5352   -832   -226   -171
    152  -1612  -5472   -832   -257   -232
    172  -1744  -5444   -848   -306   -338
    288  -1492  -5548   -832   -389   -449
    736  -1392  -5348   -784   -339   -507
    796  -1280  -5428   -832   -338   -440
    884  -1304  -5392   -848   -297   -426
    732  -1208  -5432   -800   -365   -358
    544  -1372  -5384   -784   -365   -395
    308  -1796  -5320   -832   -357   -463
    168  -1880  -5432   -832   -345   -513
    168  -1804  -5408   -800   -327   -647
    180  -1560  -5432   -848   -385   -739
    408  -1508  -5396   -832   -418   -796
    748  -1524  -5440   -816   -316   -830
    904  -1396  -5432   -800   -212   -735
    964  -1348  -5312   -832   -214   -668
    828  -1424  -5488   -816   -234   -611
    524  -1600  -5592   -816   -233   -616
    316  -1900  -5348   -832   -210   -675
    424  -1868  -5264   -832   -185   -693
    452  -1864  -5580   -848   -149   -796
    704  -1620  -5340   -864   -160   -760
   1156  -1276  -5460   -816   -162   -722
   1172  -1428  -5544   -816   -150   -616
    980  -1488  -5396   -816    -55   -512
   1044  -1268  -5392   -800    -49   -424
    744  -1508  -5316   -800   -101   -346
    408  -1600  -5272   -848   -139   -363
    288  -1944  -5272   -832   -151   -371
    344  -1776  -5532   -800   -109   -446
    520  -1492  -5464   -864   -139   -446
   1028  -1336  -5336   -848   -131   -376
   1076  -1176  -5508   -848   -182   -334
   1120  -1272  -5304   -800   -213   -214
    832  -1272  -5436   -816   -170   -182
    644  -1476  -5312   -816   -188   -190
    296  -1664  -5368   -880   -261   -212
     28  -1672  -5504   -864   -268   -300
    192  -1664  -5436   -880   -342   -449
    356  -1608  -5260   -816   -332   -491
    744  -1396  -5512   -864   -321   -510
   1004  -1284  -5280   -896   -319   -492
    936  -1120  -5596   -864   -363   -456
    852  -1388  -5552   -784   -359   -444
    516  -1528  -5472   -848   -340   -447
    276  -1640  -5208   -832   -371   -496
    168  -1712  -5440   -832   -375   -588
     52  -1760  -5500   -864   -364   -724
    488  -1476  -5388   -848   -388   -748
    580  -1520  -5304   -816   -356   -815
    812  -1404  -5464   -864   -269   -751
   1072  -1324  -5360   -880   -199   -703
    884  -1324  -5452   -864   -210   -670
    780  -1548  -5244   -848   -264   -587
    608  -1744  -5244   -864   -260   -607
    368  -2000  -5420   -864   -184   -614
    356  -1808  -5544   -816   -173   -703
    636  -1636  -5276   -832   -133   -723
    976  -1544  -5444   -848   -175   -674
   1148  -1432  -5512   -832   -146   -612
   1188  -1356  -5308   -864    -58   -514
   1056  -1296  -5556   -880    -93   -400
    740  -1540  -5276   -896    -83   -369
    484  -1520  -5460   -816   -133   -325
    384  -1644  -5500   -864   -131   -297
    284  -1864  -5452   -832   -119   -369
    648  -1540  -5244   -880   -132   -426
    844  -1348  -5508   -896   -127   -451
    916  -1124  -5436   -864   -171   -394
   1020  -1252  -5228   -912   -224   -297
    940  -1320  -5548   -848   -198   -241
    608  -1432  -5396   -816   -205   -219
    488  -1604  -5328   -896   -214   -247
    216  -1632  -5456   -896   -287   -273
    132  -1656  -5300   -848   -296   -388
    296  -1760  -5404   -816   -319   -451
    404  -1656  -5476   -848   -308   -535
    580  -1380  -5292   -896   -369   -581
    884  -1144  -5440   -848   -345   -550
    892  -1292  -5604   -864   -345   -508
    572  -1428  -5540   -864   -329   -499
    412  -1620  -5396   -848   -325   -507
     92  -1660  -5532   -864   -377   -566
    172  -1640  -5508   -848   -350   -666
    436  -1716  -5476   -896   -391   -746
    624  -1544  -5352   -928   -378   -795
    560  -1556  -5404   -912   -314   -777
    964  -1472  -5444   -864   -282   -745
   1064  -1172  -5264   -896   -242   -689
    832  -1440  -5500   -864   -254   -665
    656  -1668  -5492   -864   -225   -563
    456  -1744  -5528   -896   -195   -556
    424  -1928  -5432   -880   -187   -634
    416  -1780  -5672   -912   -181   -670
    652  -1568  -5356   -880   -160   -680
   1132  -1460  -5200   -864   -195   -614
   1068  -1364  -5548   -912   -145   -544
   1116  -1392  -5416   -928    -54   -420
    932  -1352  -5428   -880    -65   -373
    692  -1456  -5548   -848    -93   -307
    564  -1680  -5484   -848   -131   -299
    584  -1640  -5472   -880   -125   -294
    388  -1680  -5488   -832   -122   -365
    544  -1632  -5344   -848   -133   -365
    672  -1392  -5644   -880   -137   -402
    916  -1216  -5368   -896   -191   -365
    936  -1308  -5432   -864   -182   -290
    828  -1376  -5492   -848   -189   -220
    368  -1436  -5232   -864   -196   -243
    376  -1540  -5652   -912   -249   -296
    264  -1712  -5532   -928   -280   -369
    200  -1596  -5468   -848   -299   -460
    204  -1524  -5376   -864   -296   -515
    424  -1472  -5284   -896   -336   -599
    792  -1300  -5444   -848   -326   -604
    816  -1272  -5392   -864   -346   -557
    868  -1464  -5584   -912   -361   -535
    512  -1644  -5588   -864   -369   -514
    296  -1700  -5360   -896   -395   -570
    204  -1712  -5588   -912   -396   -605
    148  -1768  -5644   -896   -382   -714
    532  -1568  -5280   -928   -365   -776
    692  -1536  -5252   -896   -314   -762
    932  -1532  -5332   -880   -320   -762
   1040  -1348  -5324   -896   -234   -709
    872  -1328  -5540   -880   -276   -641
    956  -1580  -5380   -864   -239   -566
    676  -1612  -5408   -896   -213   -531
    376  -1840  -5384   -880   -205   -548
    416  -1736  -5388   -896   -200   -596
    572  -1708  -5472   -880   -205   -607
    808  -1384  -5436   -880   -169   -590
   1028  -1412  -5252   -928   -136   -525
   1040  -1240  -5336   -896   -107   -456
   1152  -1436  -5388   -912    -77   -380
    904  -1384  -5324   -896    -70   -336
    684  -1484  -5552   -928   -145   -249
    380  -1708  -5600   -880   -138   -297
    328  -1700  -5440   -880   -107   -314
    464  -1612  -5712   -896   -128   -389
    468  -1544  -5420   -864   -141   -391
    828  -1228  -5336   -864   -172   -428
    748  -1308  -5420   -912   -175   -387
    936  -1252  -5488   -912   -195   -292
    652  -1320  -5672   -928   -206   -272
    272  -1556  -5484   -944   -244   -320
    380  -1524  -5364   -912   -294   -360
    316  -1648  -5552   -880   -265   -437
    308  -1768  -5444   -880   -278   -528
    480  -1504  -5444   -928   -322   -616
    712  -1392  -5232   -912   -315   -627
    964  -1328  -5352   -912   -322   -625
    884  -1340  -5632   -928   -317   -580
    632  -1448  -5612   -880   -324   -570
    468  -1460  -5464   -928   -348   -565
    292  -1776  -5320   -912   -342   -590
    360  -1704  -5412   -896   -348   -686
    388  -1768  -5412   -896   -361   -742
    488  -1676  -5460   -944   -360   -740
    832  -1548  -5280   -928   -292   -751
    988  -1368  -5204   -896   -281   -718
    964  -1508  -5580   -944   -247   -686
    864  -1488  -5468   -960   -263   -616
    724  -1596  -5416   -912   -255   -533
    396  -1800  -5288   -928   -192   -499
    408  -1776  -5216   -928   -189   -501
    480  -1724  -5440   -912   -196   -568
    560  -1632  -5396   -912   -187   -567
    956  -1712  -5500   -960   -135   -522
    964  -1448  -5472   -896   -133   -467
   1000  -1388  -5192   -896   -102   -394
    708  -1356  -5432   -944   -108   -267
    600  -1480  -5392   -944    -98   -279
    608  -1472  -5468   -928   -111   -279
    404  -1556  -5592   -944   -110   -299
    320  -1672  -5640   -880   -149   -371
    516  -1624  -5468   -960   -136   -390
    844  -1456  -5312   -928   -155   -405
    884  -1232  -5160   -912   -183   -372
    828  -1224  -5404   -928   -186   -345
    792  -1236  -5600   -912   -211   -337
    576  -1216  -5504   -880   -203   -324
    360  -1576  -5472   -912   -220   -389
    240  -1652  -5516   -928   -253   -447
    148  -1544  -5384   -928   -297   -508
    456  -1484  -5328   -928   -305   -596
    432  -1292  -5420   -928   -316   -640
    764  -1452  -5428   -912   -330   -657
    724  -1300  -5424   -928   -331   -641
    788  -1344  -5468   -928   -316   -600
    652  -1540  -5540   -912   -323   -593
    496  -1564  -5500   -944   -346   -598
    368  -1652  -5288   -960   -376   -668
    580  -1804  -5364   -944   -384   -698
    564  -1636  -5384   -912   -354   -729
    752  -1704  -5508   -928   -337   -742
    880  -1364  -5464   -960   -275   -691
    948  -1272  -5384   -944   -290   -642
    992  -1504  -5336   -896   -237   -619
    896  -1540  -5564   -928   -254   -534
    700  -1608  -5480   -912   -208   -523
    532  -1828  -5284   -928   -215   -461
    444  -1788  -5432   -944   -219   -499
    552  -1792  -5372   -896   -203   -535
    736  -1680  -5508   -944   -173   -531
    840  -1528  -5500   -976   -145   -457
   1016  -1432  -5400   -896   -154   -363
   1152  -1472  -5324   -928   -116   -357
    960  -1376  -5416   -944    -88   -289
    648  -1628  -5556   -912    -87   -250
    400  -1604  -5332   -928    -98   -314
    272  -1580  -5452   -928   -100   -345
    448  -1496  -5524   -976   -149   -372
    596  -1508  -5404   -896   -169   -445
    724  -1448  -5416   -944   -126   -427
    800  -1284  -5572   -976   -192   -407
    764  -1300  -5640   -960   -135   -374
    756  -1332  -5324   -928   -178   -358
    364  -1476  -5292   -896   -281   -405
    200  -1616  -5380   -896   -276   -455
    252  -1720  -5612   -928   -255   -496
    380  -1768  -5320   -928   -335   -598
    444  -1428  -5624   -896   -322   -631
    708  -1316  -5260   -912   -327   -712
    792  -1476  -5396   -928   -357   -674
   1048  -1240  -5560   -976   -295   -641
    676  -1420  -5576  -1008   -314   -576
    692  -1540  -5624   -928   -339   -564
    536  -1752  -5416   -944   -381   -605
    388  -1648  -5212   -944   -385   -649
    372  -1724  -5368   -896   -377   -723
    600  -1624  -5372   -944   -368   -709
    840  -1464  -5308   -944   -332   -690
    908  -1468  -5292   -960   -306   -662
    948  -1376  -5572   -928   -279   -608
    864  -1504  -5440   -976   -266   -538
    912  -1532  -5560   -960   -224   -499
    620  -1804  -5340   -976   -212   -443
    704  -1704  -5412   -944   -244   -447
    412  -1676  -5456   -928   -203   -503
    568  -1712  -5504   -944   -176   -495
    684  -1528  -5564   -880   -153   -425
    884  -1392  -5636   -960   -151   -400
    972  -1456  -5316   -928   -132   -349
    836  -1428  -5500   -944   -132   -347
    688  -1652  -5448   -944    -95   -263
    404  -1676  -5464   -944    -98   -262
    452  -1648  -5476   -944   -124   -328
    440  -1560  -5276  -1024   -145   -328
    360  -1524  -5560   -944   -188   -407
    480  -1640  -5476   -912   -174   -468
    800  -1356  -5496   -928   -159   -470
    928  -1264  -5596   -960   -149   -419
    576  -1388  -5424   -944   -182   -398
    508  -1260  -5388   -960   -232   -425
    280  -1616  -5280   -928   -236   -446
    260  -1700  -5264   -976   -289   -502
    200  -1684  -5336   -944   -274   -586
    408  -1520  -5412   -960   -313   -669
    496  -1400  -5480   -976   -307   -711
    600  -1456  -5324   -944   -377   -684
    852  -1372  -5464   -928   -311   -666
    704  -1384  -5552   -944   -347   -624
    724  -1552  -5608   -944   -322   -589
    568  -1468  -5448   -928   -358   -579
    464  -1788  -5448   -976   -346   -660
    236  -1756  -5360   -944   -349   -667
    560  -1844  -5436   -960   -312   -695
    688  -1684  -5544   -928   -333   -705
    716  -1396  -5628   -944   -311   -640
   1012  -1424  -5328   -992   -312   -592
    964  -1544  -5436   -992   -248   -535
    856  -1504  -5484   -960   -214   -457
    612  -1648  -5268   -928   -221   -422
    600  -1704  -5488   -960   -215   -433
    484  -1620  -5356   -960   -193   -425
    596  -1656  -5376   -944   -203   -496
    636  -1624  -5452   -976   -145   -461
    892  -1448  -5696   -944   -173   -415
    920  -1436  -5396   -944   -138   -357
    868  -1420  -5260   -928   -130   -347
    780  -1432  -5340   -928   -101   -274
    520  -1704  -5416   -944   -103   -273
    388  -1716  -5552   -960    -94   -305
    408  -1572  -5488   -960   -102   -346
    476  -1572  -5688   -976   -166   -423
    384  -1536  -5496   -928   -165   -472
    544  -1488  -5604   -896   -167   -492
    640  -1464  -5408   -928   -130   -457
    824  -1228  -5592   -976   -142   -484
    684  -1328  -5252   -960   -205   -435
    192  -1560  -5448   -960   -252   -461
    296  -1604  -5448   -928   -270   -512
    352  -1536  -5324   -976   -275   -572
    368  -1512  -5428   -992   -307   -647
    400  -1564  -5440   -992   -344   -682
    704  -1448  -5460   -944   -343   -690
    700  -1240  -5288   -976   -332   -684
    788  -1400  -5472  -1008   -309   -635
    856  -1308  -5448   -944   -313   -648
    504  -1460  -5324   -960   -334   -591
    568  -1740  -5392   -992   -398   -624
    472  -1776  -5656   -944   -352   -625
    472  -1636  -5340   -976   -332   -649
    604  -1552  -5576   -960   -338   -649
    856  -1420  -5460   -944   -319   -663
    968  -1572  -5448   -944   -304   -617
    940  -1460  -5440   -960   -255   -515
    972  -1568  -5304   -992   -232   -479
    656  -1492  -5336   -976   -238   -413
    820  -1620  -5392   -960   -220   -388
    444  -1780  -5340   -960   -234   -372
    500  -1740  -5272   -912   -206   -453
    680  -1736  -5324   -960   -192   -437
    748  -1484  -5540   -912   -115   -460
    804  -1468  -5440   -976   -128   -366
    864  -1476  -5368   -992   -143   -310
    892  -1448  -5328   -976   -122   -328
    788  -1436  -5344   -960    -96   -294
    528  -1524  -5216   -992    -59   -281
    388  -1592  -5228   -944   -116   -359
    440  -1588  -5524   -976   -131   -423
    288  -1632  -5268   -960   -164   -470
    556  -1400  -5316   -944   -180   -500
    820  -1480  -5404   -976   -182   -492
    612  -1372  -5444   -944   -144   -473
    688  -1380  -5496   -976   -203   -477
    656  -1352  -5264   -960   -217   -486
    480  -1516  -5352   -960   -241   -507