    596  -1432  -5652   -560   -238   -494
    548  -1568  -5540   -528   -223   -503
    584  -1560  -5404   -528   -219   -493
    568  -1476  -5492   -544   -188   -491
    584  -1368  -5508   -528   -218   -477
    596  -1316  -5400   -528   -239   -494
    460  -1444  -5660   -576   -215   -497
    604  -1392  -5560   -512   -208   -499
    644  -1572  -5492   -480   -196   -475
    492  -1436  -5372   -528   -201   -493
    564  -1480  -5456   -576   -232   -503
    600  -1560  -5396   -480   -230   -518
    564  -1632  -5592   -528   -190   -507
    616  -1520  -5572   -560   -160   -495
    520  -1440  -5484   -560   -198   -520
    600  -1360  -5400   -576   -191   -530
    652  -1496  -5512   -576   -245   -525
    536  -1608  -5532   -560   -200   -484
    624  -1364  -5536   -592   -201   -518
    524  -1388  -5388   -512   -213   -515
    552  -1344  -5504   -560   -230   -503
    516  -1552  -5260   -608   -228   -552
   -156  -1944  -5468   -544   -300   -521
     28  -1852  -5500   -576   -359   -679
   -276  -1388  -5300   -560    -19   -755
   2144   -352  -5456   -560   -530   -828
   2180   -948  -5084   -512   -361   -505
   2064   -988  -5504   -560   -183   -291
   1232   -980  -5620   -560    -53   -121
    324  -1248  -5664   -576   -121    -99
   -336  -1952  -5628   -544   -279   -253
   -616  -2184  -5624   -560   -449   -397
   -184  -2360  -5468   -608   -748   -330
    -44  -2056  -5052   -576   -129   -527
    492  -1200  -6012   -576    337   -827
   1640  -1040  -5268   -560    -81   -484
   1740   -700  -5512   -560   -179   -448
   1532  -1012  -5348   -608    -43   -261
    504  -1300  -5356   -560    -62   -246
   -224  -1820  -5416   -624   -120   -256
   -372  -2196  -5360   -576   -212   -411
   -552  -2108  -5412   -576   -319   -618
   -296  -2024  -5344   -592   -228   -716
    812  -1260  -5628   -608   -200   -808
   1308   -996  -5500   -544   -177   -733
   1620   -860  -5232   -560   -132   -585
   1388   -884  -5408   -528    -34   -457
    952  -1080  -5292   -560   -100   -391
    148  -1624  -5440   -560   -169   -357
   -176  -2016  -5392   -560   -220   -487
   -324  -2268  -5488   -608   -273   -625
   -320  -2008  -5376   -608   -234   -753
    504  -1244  -5312   -576   -288   -824
   1016  -1180  -5432   -576   -237   -775
   1496   -952  -5552   -576   -169   -608
   1448  -1028  -5540   -592   -112   -520
   1304   -944  -5560   -560   -159   -366
    728  -1392  -5544   -624   -224   -312
   -284  -1928  -5524   -592   -310   -320
   -340  -2060  -5436   -592   -315   -461
   -216  -1980  -5436   -608   -291   -581
    224  -1668  -5168   -608   -303   -637
   1084  -1264  -5444   -608   -286   -645
   1508   -936  -5356   -608   -322   -536
   1484  -1040  -5520   -576   -176   -394
   1348  -1016  -5344   -528   -137   -286
    772  -1196  -5592   -608   -168   -208
     20  -1828  -5308   -624   -231   -230
   -184  -2164  -5564   -624   -298   -310
   -284  -2256  -5352   -608   -268   -483
    156  -1772  -5424   -592   -222   -573
    844  -1328  -5552   -592   -269   -670
   1280  -1104  -5588   -608   -235   -576
   1504  -1080  -5536   -640   -140   -460
   1292   -988  -5408   -576    -90   -344
    700  -1180  -5616   -640    -94   -241
    192  -1572  -5352   -592   -153   -287
   -268  -1996  -5472   -624   -204   -403
   -332  -2112  -5436   -560   -243   -565
    -64  -1836  -5404   -560   -222   -697
    488  -1480  -5392   -640   -170   -758
    936   -944  -5316   -640   -207   -727
   1540   -912  -5544   -608   -157   -625
   1420  -1032  -5332   -624   -125   -502
    936  -1176  -5440   -656    -88   -370
    432  -1600  -5408   -624   -127   -393
   -228  -1880  -5652   -592   -217   -443
   -192  -2040  -5504   -592   -272   -573
   -116  -2004  -5508   -640   -288   -715
    656  -1504  -5388   -608   -247   -770
   1180  -1196  -5424   -656   -247   -698
   1336  -1096  -5560   -592   -201   -605
   1548  -1000  -5476   -592   -183   -482
   1316   -924  -5568   -624   -184   -382
    776  -1416  -5396   -640   -211   -299
     52  -1880  -5352   -640   -227   -329
   -116  -2056  -5296   -640   -281   -482
   -240  -2024  -5548   -624   -289   -557
    436  -1636  -5432   -624   -351   -629
    916  -1376  -5344   -624   -310   -581
   1260  -1084  -5368   -656   -233   -540
   1368  -1016  -5396   -672   -208   -417
   1252   -976  -5600   -608   -196   -309
    688  -1628  -5416   -656   -174   -201
    140  -1324  -5688   -608   -331   -403
   -284  -2096  -5356   -624   -204   -357
    176  -1892  -5792   -640   -253   -548
   -676  -1760  -5120   -640   -256   -594
    908  -1176  -5828   -592   -265   -729
    892  -1148  -5272   -608   -177   -525
   1544  -1116  -5860   -640   -190   -511
   1064  -1144  -5512   -656   -102   -403
    660  -1196  -5460   -640   -161   -347
    376  -1624  -5520   -656   -164   -362
   -104  -1992  -5264   -640   -237   -413
   -136  -2040  -5488   -608   -194   -589
   -116  -1820  -5520   -656   -210   -721
    688  -1332  -5424   -624   -231   -819
   1112  -1120  -5340   -656   -194   -684
   1412  -1072  -5544   -640   -156   -630
   1320   -832  -5452   -624   -125   -485
    848  -1212  -5704   -640   -115   -397
    480  -1588  -5236   -672   -142   -397
     28  -1796  -5452   -624   -233   -468
   -116  -1864  -5512   -640   -273   -570
    316  -1916  -5324   -656   -294   -720
    536  -1420  -5656   -640   -287   -735
   1044  -1296  -5320   -672   -262   -687
   1340   -932  -5472   -656   -264   -574
   1560   -856  -5388   -672   -175   -457
   1128  -1140  -5292   -656   -181   -324
    612  -1492  -5544   -656   -220   -294
     44  -1732  -5548   -608   -263   -332
    120  -2080  -5136   -656   -259   -363
    188  -1880  -5420   -640   -339   -589
    112  -1588  -5224   -624   -314   -558
   1184  -1248  -5576   -656   -263   -585
    928  -1076  -5440   -624   -227   -471
   1612  -1112  -5284   -688   -220   -423
    992  -1080  -5300   -640   -185   -327
    672  -1456  -5524   -624   -224   -271
    132  -1720  -5528   -672   -205   -285
    -32  -1900  -5376   -624   -275   -346
      4  -1864  -5492   -688   -244   -525
    344  -1708  -5468   -720   -233   -609
    812  -1460  -5564   -720   -226   -663
   1136  -1152  -5724   -672   -211   -597
   1352  -1208  -5568   -672   -167   -512
   1004  -1160  -5568   -704   -137   -418
    796  -1160  -5404   -688   -137   -398
    380  -1548  -5340   -688   -166   -392
      4  -1908  -5392   -688   -186   -466
     -4  -1932  -5588   -672   -201   -621
    240  -1696  -5272   -704   -215   -714
    612  -1340  -5348   -656   -235   -785
    576  -1132  -5732   -688   -162   -732
   1920  -1284  -5520   -704   -162   -616
   1020  -1008  -5460   -704   -145   -478
    840  -1104  -5500   -640   -139   -503
    104  -1672  -5528   -720   -197   -394
    240  -1680  -5544   -736   -233   -510
   -212  -1964  -5248   -688   -235   -575
    444  -1752  -5284   -640   -272   -650
    600  -1512  -5232   -656   -229   -695
   1240  -1412  -5280   -688   -253   -637
   1236  -1044  -5412   -736   -203   -544
   1276  -1084  -5508   -704   -249   -439
    928  -1284  -5400   -704   -205   -364
    536  -1548  -5516   -720   -234   -313
    232  -1804  -5324   -704   -237   -317
     36  -1948  -5464   -704   -293   -447
    116  -1764  -5324   -688   -296   -552
    508  -1460  -5396   -688   -287   -583
    748  -1364  -5344   -688   -267   -525
   1240  -1208  -5644   -736   -252   -471
   1396  -1160  -5352   -672   -227   -390
    980  -1212  -5524   -704   -200   -318
    632  -1412  -5444   -720   -201   -281
    144  -1856  -5268   -736   -233   -316
   -100  -1952  -5360   -720   -230   -434
    -44  -1944  -5272   -672   -190   -549
    292  -1572  -5436   -688   -236   -660
    908  -1296  -5628   -736   -232   -619
    920  -1132  -5292   -720   -206   -569
   1388  -1172  -5480   -704   -167   -512
    908  -1272  -5392   -720   -152   -432
    616  -1484  -5320   -704   -157   -387
    304  -1452  -5608   -720   -188   -433
    -40  -1832  -5476   -736   -177   -541
     44  -1980  -5492   -720   -210   -617
    248  -1640  -5428   -672   -193   -719
    704  -1440  -5624   -736   -217   -715
   1208  -1124  -5444   -736   -192   -691
   1256  -1056  -5300   -752   -179   -575
   1024  -1296  -5464   -704   -117   -478
    772  -1344  -5448   -736   -130   -434
    452  -1492  -5532   -704   -231   -440
    120  -1800  -5432   -688   -212   -521
     -4  -1780  -5512   -752   -243   -572
    264  -1664  -5532   -704   -267   -648
    732  -1400  -5572   -736   -226   -653
    980  -1272  -5540   -720   -212   -595
   1300  -1140  -5444   -672   -229   -524
   1104  -1152  -5560   -688   -212   -387
    864  -1232  -5408   -736   -220   -334
    536  -1476  -5504   -672   -261   -317
    360  -1876  -5512   -672   -247   -353
    112  -1840  -5528   -704   -292   -463
    280  -1760  -5344   -688   -274   -525
    660  -1524  -5416   -736   -286   -574
    888  -1232  -5408   -784   -263   -530
   1332  -1172  -5308   -720   -242   -480
   1056  -1148  -5508   -720   -206   -401
    864  -1256  -5296   -704   -206   -337
    568  -1664  -5328   -768   -246   -321
    128  -1832  -5412   -720   -230   -382
     44  -1840  -5616   -720   -234   -458
    184  -1816  -5400   -720   -253   -585
    528  -1628  -5480   -736   -233   -670
    884  -1296  -5408   -784   -242   -627
   1096  -1176  -5352   -736   -203   -593
   1172  -1244  -5532   -720   -157   -499
    892  -1248  -5448   -752   -149   -453
    816  -1512  -5464   -752   -167   -426
    224  -1692  -5428   -704   -210   -474
     36  -1756  -5384   -768   -211   -530
     56  -1876  -5412   -704   -260   -654
    524  -1528  -5516   -752   -230   -689
    628  -1480  -5724   -800   -174   -714
   1164  -1196  -5316   -720   -187   -622
   1088  -1140  -5448   -704   -154   -543
   1060  -1188  -5408   -752   -152   -469
    880  -1396  -5560   -704   -163   -391
    392  -1620  -5292   -720   -182   -445
    172  -1880  -5632   -736   -250   -514
    360  -1704  -5368   -752   -248   -586
    432  -1644  -5428   -768   -246   -592
    892  -1380  -5420   -720   -286   -610
   1048  -1252  -5680   -752   -244   -558
   1300  -1152  -5360   -784   -234   -459
    916  -1276  -5380   -768   -183   -412
    864  -1428  -5480   -784   -198   -345
    408  -1696  -5460   -768   -264   -307
    188  -1920  -5276   -720   -290   -391
     40  -1788  -5440   -736   -292   -452
    360  -1720  -5376   -736   -290   -529
    604  -1476  -5512   -736   -302   -548
    984  -1336  -5556   -752   -284   -525
   1108  -1312  -5272   -800   -216   -470
   1108  -1172  -5304   -736   -176   -408
    744  -1368  -5368   -768   -216   -347
    452  -1648  -5444   -784   -247   -347
    128  -1800  -5564   -752   -248   -404
    136  -1808  -5216   -736   -241   -501
    252  -1724  -5380   -784   -281   -616
    592  -1600  -5416   -720   -235   -688
    960  -1332  -5468   -720   -238   -633
   1192  -1100  -5528   -768   -164   -580
   1004  -1336  -5544   -784   -156   -475
    856  -1412  -5560   -736   -157   -466
    468  -1520  -5556   -752   -169   -448
    132  -1620  -5516   -768   -208   -508
     96  -1832  -5552   -736   -213   -583
    260  -1756  -5384   -720   -204   -655
    576  -1584  -5620   -752   -197   -694
    776  -1264  -5372   -784   -212   -682
   1116  -1268  -5488   -768   -209   -571
   1168  -1156  -5460   -736   -168   -491
   1016  -1380  -5364   -800   -144   -427
    628  -1516  -5432   -752   -202   -396
    472  -1844  -5296   -784   -219   -459
    172  -1904  -5316   -784   -227   -508
    304  -1744  -5480   -784   -258   -586
    476  -1480  -5532   -784   -279   -564
    840  -1340  -5636   -768   -244   -598
    948  -1180  -5528   -768   -221   -530
   1112  -1080  -5448   -768   -228   -454
    860  -1256  -5412   -784   -220   -402
    552  -1264  -5428   -752   -239   -333
    256  -1580  -5380   -768   -208   -392
    164  -1824  -5332   -768   -252   -405
    140  -1816  -5468   -784   -275   -480
    540  -1612  -5476   -752   -290   -583
    776  -1432  -5404   -800   -250   -567
   1120  -1284  -5508   -800   -238   -508
   1000  -1228  -5384   -736   -201   -429
    992  -1456  -5472   -768   -206   -386
    640  -1412  -5392   -784   -207   -359
    408  -1716  -5356   -768   -233   -411
     20  -1760  -5252   -768   -233   -469
    120  -1936  -5432   -800   -255   -531
    364  -1644  -5436   -752   -281   -618
    608  -1376  -5252   -800   -254   -670
    980  -1336  -5300   -752   -192   -610
   1164  -1200  -5488   -704   -160   -524
    836  -1180  -5448   -784   -186   -482
    652  -1228  -5536   -768   -165   -425
    328  -1512  -5304   -784   -189   -434
    232  -1680  -5468   -768   -222   -551
    188  -1908  -5512   -768   -181   -624
    272  -1656  -5348   -816   -226   -640
    764  -1532  -5376   -784   -197   -659
    932  -1388  -5504   -784   -219   -636
   1092  -1100  -5284   -800   -192   -578
    964  -1344  -5368   -800   -194   -496
    904  -1368  -5564   -848   -189   -428
    560  -1452  -5428   -848   -190   -431
    280  -1676  -5408   -752   -214   -470
    192  -1784  -5448   -768   -200   -487
    472  -1812  -5564   -816   -213   -552
    788  -1416  -5292   -816   -232   -585
    904  -1336  -5656   -784   -237   -551
   1232  -1280  -5408   -768   -217   -494
   1092  -1280  -5356   -800   -248   -400
    808  -1336  -5388   -800   -216   -348
    448  -1460  -5448   -784   -227   -368
    328  -1552  -5832   -800   -276   -366
    136  -1616  -5648   -800   -258   -457
    584  -1748  -5432   -800   -270   -516
    448  -1512  -5600   -752   -304   -558
    832  -1380  -5484   -784   -266   -585
   1052  -1340  -5468   -784   -250   -544
    972  -1188  -5512   -784   -209   -457
    760  -1428  -5416   -800   -214   -410
    636  -1460  -5128   -752   -243   -415
    212  -1600  -5500   -800   -229   -445
    184  -1688  -5500   -832   -256   -491
    284  -1740  -5368   -832   -275   -573
    488  -1708  -5324   -816   -267   -664
    628  -1384  -5528   -800   -243   -635
   1040  -1412  -5460   -816   -235   -586
    912  -1228  -5672   -832   -199   -556
    940  -1424  -5420   -784   -192   -498
    652  -1400  -5236   -784   -218   -454
    272  -1628  -5556   -800   -234   -468
    256  -1860  -5612   -800   -201   -516
    320  -1880  -5532   -832   -226   -616
    600  -1432  -5676   -784   -204   -645
    796  -1372  -5392   -768   -213   -643
   1120  -1348  -5428   -784   -196   -584
    924  -1384  -5356   -800   -157   -471
    996  -1296  -5548   -880   -171   -422
    748  -1492  -5240   -832   -189   -401
    496  -1564  -5500   -816   -206   -408
    272  -1636  -5476   -832   -233   -453
    204  -1708  -5356   -784   -226   -520
    356  -1608  -5412   -784   -268   -549
    668  -1512  -5448   -816   -217   -595
    956  -1336  -5392   -832   -247   -528
   1096  -1272  -5408   -800   -223   -449
    988  -1204  -5488   -752   -199   -390
    732  -1496  -5228   -784   -219   -369
    320  -1524  -5564   -784   -253   -402
    124  -1788  -5396   -800   -269   -401
    300  -1796  -5488   -864   -255   -466
    384  -1656  -5356   -848   -277   -546
    636  -1552  -5600   -768   -248   -587
    880  -1384  -5376   -768   -274   -566
   1068  -1288  -5600   -784   -225   -472
    916  -1144  -5440   -800   -229   -459
    632  -1404  -5380   -848   -230   -424
    552  -1380  -5344   -816   -241   -425
    376  -1684  -5256   -816   -264   -457
    140  -1660  -5576   -800   -250   -530
    388  -1676  -5524   -816   -265   -626
    736  -1492  -5428   -832   -251   -662
    844  -1260  -5352   -784   -235   -608
    948  -1364  -5580   -800   -219   -579
    956  -1352  -5512   -816   -175   -509
    576  -1380  -5396   -800   -203   -458
    468  -1492  -5516   -816   -197   -476
    532  -1716  -5472   -832   -173   -483
    304  -1724  -5252   -816   -200   -569
    488  -1676  -5584   -832   -206   -603
    664  -1524  -5292   -864   -212   -626
    880  -1360  -5420   -848   -202   -616
   1088  -1300  -5416   -848   -229   -557
   1040  -1284  -5420   -848   -181   -459
    872  -1364  -5544   -816   -194   -402
    788  -1592  -5532   -800   -193   -411
    372  -1520  -5312   -832   -218   -426
    320  -1680  -5560   -832   -239   -469
    464  -1640  -5344   -784   -212   -506
    500  -1588  -5480   -832   -233   -516
    620  -1364  -5360   -832   -225   -569
   1036  -1292  -5416   -800   -229   -514
   1040  -1196  -5360   -800   -242   -427
    904  -1316  -5400   -816   -235   -405
    548  -1608  -5456   -848   -242   -362
    340  -1680  -5380   -848   -244   -374
    296  -1704  -5436   -832   -265   -455
    248  -1684  -5384   -832   -262   -512
    428  -1512  -5380   -896   -254   -571
    660  -1348  -5404   -816   -285   -578
    976  -1180  -5552   -848   -264   -555
   1036  -1268  -5332   -864   -270   -492
    940  -1232  -5408   -864   -220   -475
    692  -1364  -5604   -864   -241   -458
    344  -1624  -5320   -880   -253   -431
    260  -1716  -5392   -816   -249   -502
    268  -1668  -5332   -880   -262   -597
    428  -1632  -5544   -848   -255   -587
    892  -1392  -5320   -800   -216   -660
    948  -1244  -5480   -896   -266   -622
   1044  -1280  -5544   -832   -211   -563
    976  -1276  -5428   -848   -167   -488
    660  -1376  -5420   -832   -197   -469
    540  -1604  -5160   -816   -199   -481
    300  -1708  -5204   -864   -202   -500
    224  -1760  -5400   -816   -227   -561
    604  -1636  -5536   -848   -214   -605
    552  -1364  -5160   -816   -203   -616
    912  -1392  -5464   -816   -230   -575
   1072  -1316  -5464   -864   -177   -512
    936  -1296  -5404   -816   -157   -445
    692  -1408  -5396   -832   -203   -400
    488  -1528  -5432   -816   -198   -388
    368  -1564  -5400   -864   -227   -397
    260  -1720  -5384   -848   -261   -458
    468  -1608  -5328   -864   -249   -506
    660  -1672  -5612   -880   -226   -525
   1008  -1288  -5452   -848   -237   -513
    948  -1188  -5448   -832   -263   -479
    864  -1336  -5436   -880   -226   -432
    560  -1408  -5348   -848   -238   -369
    596  -1468  -5432   -880   -221   -361
    380  -1680  -5340   -864   -268   -404
    168  -1728  -5472   -864   -256   -477
    244  -1548  -5160   -880   -255   -569
    436  -1592  -5476   -880   -300   -589
    608  -1440  -5464   -912   -250   -603
    896  -1328  -5484   -896   -266   -515
    788  -1400  -5560   -848   -218   -480
    764  -1372  -5400   -848   -238   -456
    484  -1540  -5400   -880   -244   -451
    368  -1604  -5288   -864   -272   -495
    280  -1636  -5264   -848   -239   -547
    432  -1580  -5496   -880   -278   -598
    516  -1672  -5576   -848   -282   -655
    768  -1484  -5380   -800   -255   -629
    956  -1320  -5332   -864   -229   -596
    936  -1344  -5360   -832   -173   -529
    832  -1384  -5304   -848   -213   -441
    792  -1392  -5496   -832   -191   -428
    292  -1616  -5408   -848   -229   -504
    328  -1656  -5504   -864   -231   -505
    420  -1628  -5292   -880   -194   -557
    628  -1496  -5372   -864   -202   -569
    824  -1516  -5500   -912   -207   -558
   1036  -1160  -5368   -832   -217   -547
    996  -1380  -5392   -912   -168   -498
    788  -1332  -5512   -880   -179   -407
    712  -1472  -5260   -880   -179   -423
    448  -1508  -5344   -928   -207   -394
    228  -1468  -5340   -864   -231   -432
    388  -1704  -5456   -832   -239   -487
    528  -1504  -5344   -912   -225   -530
    756  -1500  -5512   -864   -238   -532
   1080  -1324  -5292   -896   -266   -502
    932  -1280  -5440   -880   -246   -431
    832  -1280  -5568   -928   -208   -420
    696  -1384  -5408   -880   -219   -391
    372  -1540  -5228   -896   -226   -413
    264  -1732  -5180   -848   -261   -465
    336  -1604  -5484   -848   -293   -540
    448  -1536  -5436   -864   -299   -564
    608  -1420  -5428   -880   -292   -599
    700  -1324  -5580   -880   -253   -601
    940  -1200  -5616   -880   -265   -548
    828  -1384  -5396   -896   -234   -453
    608  -1572  -5504   -832   -226   -454
    408  -1652  -5536   -896   -247   -459
    528  -1804  -5380   -880   -256   -533
    168  -1808  -5428   -880   -267   -552
    304  -1684  -5340   -896   -267   -570
    724  -1504  -5240   -848   -249   -629
    936  -1328  -5508   -864   -259   -609
    672  -1364  -5600   -848   -241   -569
    900  -1412  -5232   -896   -200   -503
    636  -1416  -5400   -928   -255   -448
    508  -1504  -5568   -896   -224   -453
    576  -1676  -5192   -864   -227   -486
    512  -1716  -5240   -880   -224   -513
    336  -1688  -5332   -848   -197   -565
    496  -1476  -5420   -880   -213   -533
    896  -1320  -5648   -880   -179   -542
    816  -1304  -5396   -864   -192   -503
    868  -1368  -5300   -880   -202   -409
    796  -1424  -5292   -896   -206   -419
    512  -1512  -5472   -912   -186   -373
    500  -1496  -5292   -880   -256   -401
    440  -1716  -5360   -816   -244   -440
    340  -1720  -5516   -880   -219   -495
    604  -1668  -5504   -832   -240   -543
    892  -1248  -5468   -912   -249   -529
    888  -1404  -5364   -912   -239   -486
    820  -1360  -5396   -912   -231   -449
    812  -1420  -5668   -880   -238   -404
    704  -1512  -5152   -864   -235   -419
    592  -1588  -5400   -928   -261   -432
    256  -1608  -5456   -896   -281   -501
    520  -1612  -5528   -880   -266   -547
    576  -1508  -5500   -912   -278   -621
    912  -1532  -5188   -880   -281   -576
    804  -1400  -5512   -864   -236   -565
    720  -1352  -5388   -896   -251   -515
    868  -1284  -5648   -880   -225   -476
    600  -1564  -5680   -912   -249   -472
    352  -1640  -5184   -944   -238   -451
    396  -1680  -5464   -928   -262   -551
    308  -1672  -5364   -976   -258   -576
    500  -1556  -5484   -912   -260   -622
    824  -1460  -5384   -848   -249   -605
    948  -1220  -5444   -896   -228   -561
    872  -1440  -5328   -896   -199   -520
    884  -1368  -5400   -912   -241   -446
    712  -1504  -5300   -960   -204   -444
    604  -1496  -5292   -864   -229   -429
    452  -1616  -5500   -896   -215   -506
    416  -1632  -5140   -944   -223   -517
    496  -1628  -5688   -944   -189   -508
    708  -1360  -5248   -960   -237   -576
    932  -1288  -5396   -928   -190   -537
    904  -1312  -5560   -928   -178   -465
    768  -1440  -5540   -880   -182   -438
    788  -1472  -5368   -928   -214   -402
    440  -1396  -5340   -864   -204   -396
    480  -1576  -5380   -928   -202   -412
    316  -1688  -5500   -912   -238   -476
    380  -1576  -5372   -880   -230   -539
    688  -1480  -5568   -896   -237   -518
    840  -1324  -5228   -944   -233   -512
    980  -1328  -5440   -928   -249   -480
    812  -1416  -5480   -912   -204   -484
    812  -1512  -5280   -880   -239   -411
    508  -1500  -5188   -912   -291   -428
    428  -1624  -5472   -928   -275   -487
    320  -1628  -5252   -928   -285   -532
    624  -1712  -5428   -912   -265   -582
    556  -1444  -5536   -896   -290   -596
    964  -1448  -5368   -944   -290   -580
    960  -1360  -5576   -912   -280   -575
    852  -1296  -5216   -896   -253   -506
    688  -1472  -5316   -912   -229   -491
    596  -1464  -5472   -928   -287   -470
    276  -1832  -5508   -896   -241   -492
    384  -1736  -5472   -928   -247   -559
    564  -1608  -5196   -880   -270   -558
    632  -1524  -5460   -880   -205   -620
   1032  -1460  -5248   -944   -211   -586
   1012  -1292  -5436   -896   -212   -544
    936  -1420  -5260   -896   -206   -518
    680  -1508  -5480   -944   -180   -429
    632  -1552  -5276   -912   -222   -421
    596  -1580  -5360   -912   -193   -457
    476  -1740  -5128   -912   -207   -486
    428  -1632  -5436   -896   -217   -539
    540  -1696  -5424   -928   -224   -529
    848  -1536  -5420   -912   -242   -529
    880  -1388  -5400   -912   -161   -501
   1084  -1312  -5568   -880   -203   -433
    608  -1304  -5444   -944   -208   -405
    456  -1532  -5308   -960   -178   -403
    456  -1644  -5336   -864   -216   -408
    520  -1460  -5500   -896   -231   -493
    448  -1668  -5484   -880   -250   -508
    464  -1536  -5472   -928   -260   -553
    688  -1420  -5244   -976   -250   -557
    780  -1320  -5280   -912   -233   -515
    948  -1172  -5288   -960   -209   -507
    728  -1404  -5360   -864   -244   -459
    640  -1432  -5640   -912   -239   -443
    268  -1676  -5208   -928   -290   -426
    392  -1684  -5484   -960   -285   -509
    484  -1656  -5396   -960   -298   -575
    460  -1520  -5440   -928   -273   -593
    652  -1476  -5428   -912   -285   -607
    924  -1480  -5596   -944   -276   -582
    768  -1400  -5564   -928   -264   -558
    836  -1336  -5336   -944   -208   -529
    656  -1600  -5580   -912   -234   -490
    432  -1652  -5440   -928   -264   -480
    552  -1640  -5428   -912   -274   -463
    496  -1584  -5440   -912   -234   -549
    612  -1620  -5376   -896   -233   -557
    576  -1516  -5336   -960   -251   -576
    916  -1444  -5140   -912   -224   -540
    708  -1448  -5352   -928   -204   -495
    736  -1404  -5532   -944   -227   -454
    704  -1540  -5616   -928   -228   -405
    496  -1488  -5332   -880   -175   -427
    472  -1716  -5376   -912   -183   -404
    468  -1496  -5528   -928   -195   -485
    484  -1616  -5456   -944   -227   -537
    672  -1444  -5584   -896   -241   -521
    856  -1308  -5408   -960   -185   -520
    832  -1384  -5176   -896   -207   -490
    908  -1296  -5400   -928   -216   -443
    764  -1380  -5256   -944   -217   -397
    620  -1500  -5428   -944   -236   -391
    372  -1680  -5192   -944   -240   -445
    324  -1748  -5380   -976   -240   -489
    532  -1640  -5424   -960   -267   -537
    572  -1440  -5420   -944   -249   -551
    824  -1300  -5504   -944   -258   -562
    892  -1340  -5360   -896   -240   -502
    920  -1216  -5476   -896   -227   -495
    936  -1324  -5368   -960   -250   -458
    452  -1696  -5444   -928   -248   -440
    468  -1592  -5416   -928   -259   -477
    196  -1656  -5348   -928   -294   -523
    468  -1620  -5404   -928   -281   -578
    800  -1396  -5288   -912   -281   -664
    688  -1380  -5304   -960   -271   -585
    912  -1340  -5508   -928   -269   -554
    784  -1300  -5264   -976   -251   -512
    848  -1408  -5372   -944   -234   -500
    568  -1580  -5436   -896   -253   -491
    268  -1604  -5400   -960   -231   -465
    404  -1668  -5544   -912   -262   -522
    572  -1508  -5544   -928   -264   -570
    608  -1712  -5340   -928   -260   -560
    824  -1436  -5304   -944   -256   -550
    872  -1364  -5360   -976   -209   -529
    904  -1220  -5384   -912   -207   -477
    768  -1440  -5420   -944   -190   -405
    620  -1572  -5488   -928   -206   -421
    580  -1628  -5376   -944   -201   -431
    480  -1632  -5476   -960   -215   -484
    720  -1596  -5400   -896   -225   -497
    704  -1460  -5304   -928   -233   -514
    856  -1512  -5516   -912   -177   -513
    952  -1388  -5372   -960   -199   -506
    848  -1264  -5220   -912   -178   -466
    752  -1516  -5456   -944   -224   -407
    504  -1724  -5304   -960   -196   -376
    396  -1536  -5456   -912   -238   -442
    424  -1604  -5300   -944   -227   -472
    492  -1680  -5480   -960   -257   -515
    524  -1544  -5312   -944   -255   -584
    792  -1436  -5520   -944   -244   -592
    816  -1384  -5440   -928   -241   -570
    852  -1360  -5388   -960   -252   -497
    892  -1392  -5380   -944   -247   -499
    540  -1344  -5412   -960   -272   -455
    552  -1552  -5560   -928   -271   -504
    460  -1572  -5508   -944   -292   -513
    400  -1620  -5412   -976   -287   -585
    532  -1408  -5452   -944   -285   -603
    824  -1384  -5352   -928   -269   -588
    844  -1392  -5508   -960   -278   -563
    932  -1328  -5600   -912   -255   -553
    592  -1432  -5292   -960   -226   -508
    724  -1528  -5592   -928   -252   -460
    584  -1672  -5352   -928   -251   -467
    396  -1704  -5360   -944   -264   -516
    512  -1648  -5588   -928   -263   -488
    412  -1576  -5372   -928   -238   -569
    712  -1440  -5292   -976   -240   -545
    804  -1256  -5492   -944   -233   -534
    704  -1424  -5548   -928   -227   -491
    932  -1260  -5200   -928   -183   -461
    652  -1448  -5440   -944   -189   -424
    596  -1572  -5296   -944   -206   -440
    192  -1664  -5176   -960   -218   -449
    540  -1616  -5452   -944   -227   -477
    468  -1644  -5492   -944   -213   -512
    696  -1576  -5332   -944   -187   -534
    856  -1456  -5536   -960   -229   -500
    804  -1320  -5324   -912   -212   -477
    888  -1276  -5424   -976   -205   -467
    700  -1360  -5244   -992   -194   -427
    588  -1516  -5484   -960   -198   -379
    392  -1544  -5464   -944   -211   -449
    312  -1496  -5568   -944   -242   -487
    620  -1628  -5532   -944   -274   -532
    596  -1644  -5544   -976   -262   -594
    736  -1336  -5368   -960   -249   -568
    800  -1384  -5308   -928   -215   -540
    816  -1384  -5512   -944   -231   -518
    772  -1556  -5556   -896   -214   -469
    376  -1524  -5464   -960   -257   -477
    348  -1420  -5380   -976   -281   -472
    408  -1640  -5448   -976   -284   -535
    584  -1640  -5420   -960   -255   -589
    728  -1368  -5388   -992   -284   -599
    796  -1444  -5456   -912   -241   -609
    948  -1308  -5428   -944   -225   -563
    768  -1320  -5440   -928   -245   -516
    740  -1424  -5332   -960   -237   -479
    748  -1504  -5444   -944   -246   -456
    476  -1588  -5248   -944   -254   -485
    308  -1560  -5304   -960   -224   -488
    552  -1592  -5420   -960   -271   -522
    628  -1452  -5252   -960   -248   -557
    820  -1424  -5376  -1040   -192   -578
    828  -1400  -5272   -912   -235   -511
    768  -1300  -5508   -960   -200   -448
    560  -1500  -5400  -1008   -196   -418
    680  -1608  -5524   -944   -187   -430
    380  -1504  -5476   -960   -230   -422
    468  -1628  -5376   -976   -218   -468
    448  -1672  -5220   -944   -217   -525
    632  -1476  -5280   -928   -227   -519
    640  -1476  -5436   -928   -212   -513
    768  -1228  -5416   -944   -221   -495
    760  -1356  -5360   -928   -216   -470
    700  -1564  -5472   -960   -198   -413
    660  -1564  -5508  -1008   -229   -421
    316  -1492  -5480   -976   -208   -445
    620  -1668  -5332   -960   -219   -515
    516  -1512  -5224   -992   -269   -534
    540  -1492  -5360   -944   -250   -553
    684  -1400  -5472   -976   -286   -568
    808  -1320  -5276   -960   -236   -565
    920  -1304  -5548   -944   -228   -525
    880  -1468  -5596   -976   -250   -497
    688  -1260  -5548   -928   -262   -503
    436  -1536  -5324   -960   -284   -495
    464  -1652  -5212   -976   -299   -553
    388  -1652  -5236   -960   -278   -562
    476  -1676  -5416   -976   -287   -596
    548  -1552  -5452   -976   -290   -568
    684  -1500  -5504   -992   -269   -582
    964  -1420  -5304   -960   -248   -549
    844  -1412  -5440   -976   -247   -494
    736  -1544  -5248   -944   -256   -454
    584  -1600  -5296   -928   -240   -474
    520  -1688  -5284   -976   -227   -489
    372  -1752  -5528  -1008   -252   -486
    552  -1664  -5392   -960   -259   -521
    600  -1396  -5376  -1024   -232   -571
    788  -1300  -5332   -976   -248   -516
    844  -1380  -5556   -944   -202   -490
    708  -1324  -5464   -960   -145   -438
    560  -1432  -5436   -992   -203   -405
    404  -1552  -5200   -944   -223   -387
    368  -1560  -5424   -928   -205   -449
    452  -1584  -5444   -928   -197   -482
    348  -1540  -5372   -976   -192   -486
    752  -1516  -5460   -960   -234   -540
    672  -1436  -5420   -976   -215   -509
    700  -1360  -5460   -960   -202   -505
    720  -1432  -5384   -976   -222   -477
    724  -1392  -5628  -1008   -202   -436
    696  -1528  -5592   -960   -223   -410
    492  -1596  -5344   -992   -233   -487
    420  -1524  -5348   -976   -243   -523
    448  -1552  -5532  -1024   -260   -559
    528  -1528  -5556   -928   -229   -589
    800  -1424  -5532   -960   -227   -592
    932  -1380  -5516  -1024   -225   -551
    684  -1268  -5508   -976   -222   -527
    812  -1432  -5404   -976   -253   -519
    500  -1436  -5456   -992   -243   -489
    360  -1652  -5420  -1008   -271   -476
    364  -1532  -5336  -1008   -263   -552
    580  -1592  -5356   -960   -283   -598
    748  -1596  -5268   -960   -259   -585
    600  -1536  -5452  -1008   -233   -554
    848  -1424  -5296   -992   -260   -533
    872  -1300  -5384   -960   -275   -494
    796  -1320  -5328   -960   -239   -471
    540  -1660  -5580  -1008   -237   -450
    568  -1568  -5448  -1024   -256   -460
    464  -1632  -5368   -976   -259   -492
    532  -1716  -5332   -944   -232   -482
    628  -1536  -5488   -992   -244   -531
    700  -1472  -5476   -960   -235   -514
    944  -1404  -5440   -976   -227   -496
    840  -1284  -5452   -960   -226   -470
    844  -1464  -5472   -992   -213   -440
    720  -1428  -5556  -1008   -197   -421
    484  -1580  -5484   -976   -197   -427
    328  -1676  -5248   -992   -205   -452
    432  -1660  -5320   -976   -241   -510
    592  -1392  -5476  -1040   -243   -551
    724  -1388  -5448   -960   -219   -568
    864  -1480  -5324   -992   -225   -549
    920  -1264  -5440  -1008   -232   -496
    636  -1320  -5448   -960   -217   -450
    660  -1396  -5448   -928   -225   -479
    508  -1632  -5300   -976   -237   -480
    316  -1644  -5440   -992   -204   -501
    656  -1580  -5312   -960   -235   -546
    640  -1500  -5448   -976   -253   -569
    700  -1452  -5248  -1008   -280   -543
    796  -1400  -5324   -944   -269   -579
    792  -1296  -5520   -992   -272   -529
    772  -1416  -5388  -1040   -225   -489
    752  -1536  -5364  -1056   -270   -498
    480  -1508  -5368  -1008   -248   -495
    352  -1648  -5288  -1024   -256   -534
    440  -1512  -5600   -976   -269   -535
    580  -1572  -5448   -992   -290   -561
    700  -1436  -5448   -976   -262   -592
    944  -1420  -5488  -1040   -280   -563
    916  -1288  -5548  -1040   -266   -490
    828  -1388  -5264   -992   -251   -476
    628  -1500  -5288   -992   -240   -422
    564  -1628  -5284   -976   -234   -438
    516  -1604  -5320  -1056   -248   -481
    504  -1600  -5232  -1024   -247   -489
    520  -1492  -5368  -1008   -211   -533
    784  -1380  -5444   -976   -227   -488
    620  -1456  -5400   -992   -192   -502
    896  -1352  -5396  -1024   -215   -491
    948  -1336  -5572   -992   -218   -458
    784  -1496  -5444   -976   -199   -438
    644  -1420  -5620   -992   -224   -403
    324  -1488  -5332   -992   -222   -434
    340  -1636  -5428  -1008   -201   -508
    624  -1492  -5548  -1008   -226   -502
    668  -1584  -5300   -992   -244   -527
    624  -1452  -5496   -992   -219   -549
    968  -1300  -5420   -928   -222   -537
    796  -1328  -5340   -992   -194   -453
    744  -1400  -5480   -960   -198   -476
    664  -1340  -5528  -1024   -222   -498
    560  -1572  -5412   -976   -200   -485
    404  -1524  -5444  -1040   -282   -515
    516  -1500  -5388   -992   -253   -588
    660  -1476  -5452  -1024   -277   -563
    720  -1552  -5504  -1024   -264   -576
    604  -1436  -5680   -944   -274   -565
    968  -1380  -5404   -992   -258   -515
    724  -1388  -5532  -1024   -266   -503
    552  -1420  -5352  -1008   -280   -461
    508  -1692  -5392  -1040   -285   -495
    452  -1680  -5388   -992   -272   -528
    356  -1620  -5480  -1008   -264   -562
    592  -1508  -5356   -976   -258   -526
    756  -1424  -5472  -1024   -271   -581
    912  -1328  -5420  -1024   -267   -521
    820  -1392  -5304   -976   -271   -475
    784  -1388  -5428   -976   -256   -450
    688  -1552  -5416  -1024   -231   -416
    516  -1564  -5488  -1008   -255   -447
    312  -1744  -5420  -1008   -259   -464
    416  -1676  -5408  -1040   -270   -479
    672  -1488  -5416  -1024   -219   -518
    708  -1336  -5488  -1024   -204   -535
    708  -1556  -5452  -1040   -222   -473
    884  -1384  -5364  -1008   -204   -495
    596  -1324  -5432  -1024   -237   -430
    492  -1560  -5432   -976   -211   -421
    456  -1596  -5384   -992   -189   -463
    444  -1532  -5444  -1024   -227   -483
    296  -1492  -5472  -1040   -217   -524
    604  -1528  -5256  -1040   -196   -515
    560  -1660  -5340  -1024   -203   -533
    804  -1440  -5232  -1024   -240   -586
    884  -1304  -5560  -1008   -211   -517
    624  -1292  -5344  -1024   -217   -486
    532  -1460  -5472   -976   -205   -504
    564  -1532  -5480   -976   -269   -460
    348  -1680  -5308   -992   -233   -531
    660  -1552  -5268  -1040   -247   -559
    592  -1312  -5560  -1008   -238   -581
    660  -1496  -5392  -1040   -276   -611
    848  -1440  -5468   -960   -248   -564
    908  -1396  -5424   -960   -244   -526
    788  -1524  -5488  -1008   -236   -534
    704  -1460  -5528  -1008   -247   -468
    524  -1624  -5624  -1024   -272   -500
    536  -1548  -5388  -1024   -283   -503
    400  -1528  -5404   -960   -283   -526
    584  -1524  -5344   -992   -309   -543
    832  -1556  -5392  -1040   -265   -560
    988  -1528  -5400   -992   -240   -525
    748  -1452  -5164  -1008   -255   -478
    844  -1520  -5420  -1040   -243   -455
    760  -1316  -5416  -1040   -243   -442
    676  -1624  -5192   -992   -245   -417
    596  -1628  -5356  -1008   -241   -471
    536  -1600  -5432   -976   -251   -461
    448  -1552  -5372  -1056   -248   -500
    624  -1584  -5268  -1056   -210   -555
    684  -1492  -5220  -1056   -193   -544
    780  -1428  -5480  -1040   -208   -477
    820  -1384  -5356  -1008   -239   -465
    808  -1332  -5436  -1040   -207   -411
    596  -1460  -5172  -1024   -236   -430
    524  -1616  -5748  -1024   -240   -452
    432  -1728  -5424  -1072   -236   -513
    464  -1440  -5404  -1072   -245   -535
    576  -1420  -5468  -1040   -257   -581
    864  -1568  -5228  -1024   -232   -531
    908  -1296  -5688  -1072   -242   -519
    932  -1328  -5476  -1024   -208   -485
    732  -1488  -5292   -992   -250   -480
    608  -1332  -5288  -1024   -241   -444
    332  -1596  -5356  -1040   -212   -522
    408  -1736  -5324   -992   -268   -539
    520  -1596  -5456  -1024   -259   -574
    804  -1516  -5284  -1040   -278   -581
    656  -1504  -5292  -1024   -255   -563
    776  -1372  -5404  -1008   -276   -546
    884  -1496  -5300  -1040   -244   -510
    780  -1368  -5200  -1072   -230   -502
    668  -1412  -5396  -1024   -261   -470
    564  -1568  -5404  -1040   -280   -453
    584  -1660  -5528  -1040   -270   -501
    544  -1604  -5616  -1056   -241   -537
    740  -1408  -5160  -1056   -302   -546
    720  -1448  -5368  -1040   -264   -557
    720  -1244  -5612  -1008   -250   -482
    944  -1344  -5276  -1088   -240   -469
    804  -1640  -5432  -1040   -262   -435
    780  -1480  -5464  -1072   -269   -443
    528  -1676  -5588  -1056   -239   -470
    332  -1640  -5324  -1024   -256   -457
    556  -1580  -5504  -1040   -256   -496
    516  -1464  -5448  -1056   -264   -539
    820  -1380  -5260  -1040   -228   -508
    828  -1344  -5416  -1056   -198   -516
    996  -1416  -5376  -1024   -194   -483
    560  -1468  -5348  -1024   -188   -446
    512  -1576  -5352  -1072   -197   -428
    544  -1460  -5376  -1040   -213   -454
    452  -1680  -5492  -1056   -214   -496
    412  -1548  -5564  -1088   -248   -523
    636  -1640  -5336  -1040   -191   -567
    660  -1400  -5360  -1040   -216   -551
    704  -1356  -5316  -1056   -242   -550
    684  -1404  -5488  -1056   -188   -548
    760  -1408  -5428  -1008   -211   -514
    596  -1460  -5272  -1040   -230   -483
    604  -1532  -5396  -1040   -216   -491
    368  -1652  -5340  -1104   -248   -525
    540  -1668  -5320  -1088   -263   -550
    692  -1572  -5440  -1072   -247   -554
    624  -1504  -5532  -1040   -261   -554
    788  -1400  -5536  -1056   -252   -540
    888  -1404  -5620  -1024   -247   -535
    804  -1296  -5512  -1040   -229   -512
    700  -1532  -5420  -1040   -265   -455
    704  -1568  -5500  -1056   -292   -457
    496  -1516  -5152  -1056   -269   -465
    412  -1624  -5636  -1008   -284   -526
    584  -1596  -5348  -1072   -277   -519
    752  -1516  -5412  -1056   -283   -525
    764  -1424  -5428  -1056   -271   -528
    736  -1312  -5448  -1072   -263   -496
    872  -1392  -5440  -1056   -271   -468
    784  -1388  -5244  -1072   -235   -445
    624  -1620  -5508  -1088   -235   -467
    388  -1700  -5368  -1056   -276   -461
    588  -1640  -5688  -1024   -200   -488
    432  -1636  -5272  -1072   -263   -495
    756  -1548  -5424  -1040   -256   -549
    760  -1496  -5408  -1056   -234   -529
    968  -1448  -5280  -1072   -210   -517
    776  -1420  -5304  -1040   -194   -440
    528  -1540  -5576  -1040   -226   -449
    568  -1588  -5300  -1104   -231   -490
    532  -1532  -5344  -1024   -221   -498
    516  -1756  -5392  -1040   -219   -500
    472  -1516  -5372  -1072   -223   -530
    692  -1416  -5336  -1072   -219   -608
    772  -1360  -5424  -1024   -177   -576
    840  -1448  -5276  -1088   -214   -530
    736  -1460  -5384  -1056   -213   -517
    876  -1440  -5452  -1056   -237   -486
    428  -1456  -5388  -1056   -213   -491
    724  -1536  -5356  -1040   -213   -495
    468  -1588  -5516  -1040   -236   -534
    492  -1692  -5180  -1056   -212   -507
    800  -1540  -5464  -1104   -305   -573
    812  -1388  -5292  -1040   -247   -561
    948  -1408  -5560  -1056   -243   -517
    924  -1392  -5584  -1024   -265   -508