    632  -1456  -5388   -544   -219   -470
    544  -1716  -5480   -560   -203   -478
    444  -1608  -5356   -560   -211   -462
    432  -1492  -5456   -528   -178   -475
    508  -1584  -5476   -544   -171   -490
    440  -1524  -5508   -544   -195   -511
    636  -1380  -5536   -528   -213   -493
    464  -1548  -5468   -528   -221   -512
    704  -1620  -5512   -544   -176   -467
    532  -1460  -5452   -512   -174   -500
    540  -1572  -5456   -544   -190   -475
    728  -1376  -5524   -576   -189   -469
    740  -1592  -5616   -560   -228   -461
    612  -1608  -5264   -496   -176   -468
    524  -1592  -5660   -544   -138   -502
    512  -1560  -5392   -544   -174   -535
    512  -1456  -5368   -496   -207   -508
    440  -1532  -5456   -592   -211   -553
    328  -1856  -5164   -544   -212   -585
   -804  -2020  -5388   -576    -41   -563
    388  -1796  -5100   -592   -138   -827
    884  -1404  -5468   -560   -283   -828
   1392   -752  -6528   -544   -572   -831
   7104    104  -7436   -496   -729     -3
    564  -1584  -3672   -560   -443   -331
   1108  -1728  -5252   -544    -77    292
    976  -2052  -4364   -576    173     48
   2020  -1520  -5492   -528     50   -187
   -300  -1932  -5192   -560   -192   -741
   -216  -2088  -5464   -576   -432   -887
   -248  -2100  -5228   -592    -85   -996
    756  -1272  -5452   -560     43   -885
   1444   -876  -5616   -528    -14   -546
   2100   -648  -5612   -560   -276   -239
   1424  -1040  -5380   -576   -381    -19
    708  -1848  -5260   -528   -193    112
   -376  -2336  -5196   -592     61    -55
   -316  -2164  -5260   -576     63   -386
   -508  -1612  -5284   -576   -153   -763
    232  -1440  -5516   -592   -337  -1015
    916  -1676  -5484   -560   -278   -941
  -1976   -416  -6232   -560   -299   -717
   -128   -544  -6060   -592   -213   -557
    428  -1504  -5420   -576   -219   -280
    632  -1612  -5696   -592   -219   -194
    164  -1624  -5344   -528   -249   -458
    328  -1640  -5192   -592   -174   -498
   -116  -1784  -5304   -528   -186   -807
   -244  -2080  -5436   -592   -240   -946
    696  -1708  -5292   -544   -358   -972
   1424  -1448  -5532   -560   -291   -821
   1376  -1068  -5452   -560   -322   -646
   1292  -1216  -5604   -576   -373   -425
   1136  -1580  -5216   -608   -335   -209
    536  -1960  -5356   -560   -184   -132
   -348  -2000  -5740   -560    -61   -354
   -240  -1924  -5228   -608   -185   -464
     32  -1816  -5208   -592   -352   -695
    628  -1912  -5228   -592   -407   -797
    760  -1760  -5372   -544   -204   -659
  -1404   -728  -6596   -560   -330   -679
  -2196  -1316  -6196   -640   -226   -376
    648  -1828  -5552   -608   -341   -125
   1380  -1724  -5120   -592   -169    -87
   1080  -1364  -6664   -608   -145   -208
  -1152  -1508  -5304   -576    157   -379
   -700  -1832  -5412   -592   -105   -432
    256  -1928  -5476   -592   -258   -565
    864  -1740  -5080   -560   -250   -625
    932  -1352  -5780   -576   -167   -639
    812  -1264  -5544   -608   -103   -439
   1284  -1296  -5484   -576   -187   -295
   1100  -1512  -5592   -560   -163   -224
    620  -1716  -5360   -624    -40   -195
   -320  -1504  -6172   -608    -62   -314
    284  -1716  -5292   -592    -95   -524
    364  -1800  -5152   -576   -239   -663
    476  -1696  -5544   -608   -253   -760
    756  -1520  -5552   -592   -209   -755
   1052  -1380  -5596   -640   -159   -668
   1068  -1188  -5400   -640   -202   -545
    892  -1420  -5500   -592   -248   -428
    640  -1440  -5552   -624   -239   -406
    328  -1692  -5488   -624   -204   -446
    176  -1676  -5348   -656   -243   -554
    252  -1856  -5412   -576   -249   -662
    388  -1792  -5416   -576   -282   -757
    684  -1692  -5396   -592   -315   -765
    960  -1496  -5464   -640   -277   -667
   1084  -1264  -5312   -608   -281   -605
    960  -1456  -5456   -608   -339   -436
    932  -1656  -5208   -640   -278   -373
    156  -1756  -5088   -592    -98   -316
    252  -1820  -5288   -560   -155   -377
    260  -1576  -5296   -576   -240   -497
    508  -1792  -5468   -608   -309   -630
    712  -1692  -5304   -624   -311   -646
    740  -1648  -5332   -592   -186   -589
   1108  -1436  -5408   -608   -170   -479
   1000  -1324  -5240   -592   -229   -376
   1000  -1536  -5548   -608   -243   -313
    828  -1648  -5272   -592   -150   -289
     88  -1868  -5120   -656   -106   -307
    272  -1544  -5436   -640    -58   -390
    268  -1680  -5400   -592   -120   -559
    476  -1756  -5684   -592   -191   -610
    632  -1756  -5296   -624   -203   -579
    900  -1816  -5236   -624   -142   -484
    900  -1312  -5276   -608    -98   -413
    920  -1372  -5532   -576   -128   -363
    364  -1532  -5588   -592   -170   -340
    672  -1568  -5300   -592   -191   -395
    332  -1808  -5304   -624   -170   -500
    368  -1748  -5392   -608   -146   -592
    496  -1600  -5260   -624   -170   -649
    584  -1488  -5356   -640   -191   -675
    820  -1500  -5396   -608   -256   -646
   1068  -1384  -5524   -576   -265   -576
    820  -1368  -5412   -608   -249   -494
    760  -1452  -5228   -592   -203   -458
    656  -1496  -5560   -640   -217   -488
    448  -1692  -5448   -640   -294   -548
    588  -1756  -5432   -592   -329   -616
    460  -1764  -5152   -592   -243   -640
    664  -1664  -5336   -608   -290   -664
    928  -1524  -5588   -624   -267   -648
    992  -1540  -5492   -608   -295   -580
   1164  -1528  -5524   -624   -280   -520
    908  -1552  -5204   -592   -283   -416
    920  -1692  -5580   -608   -276   -395
    504  -1664  -5376   -640   -201   -419
    408  -1616  -5384   -624   -170   -497
    488  -1688  -5468   -608   -260   -529
    812  -1852  -5516   -640   -302   -560
    728  -1756  -5496   -624   -218   -540
    864  -1704  -5488   -608   -175   -496
    860  -1488  -5616   -624   -143   -434
   1028  -1420  -5424   -640   -189   -341
    592  -1724  -5208   -640   -170   -342
    680  -1608  -5452   -624   -160   -337
    456  -1880  -5356   -592   -129   -415
    456  -1720  -5448   -672    -81   -484
    584  -1660  -5388   -640   -130   -549
    684  -1564  -5516   -624   -175   -565
    788  -1492  -5404   -656   -188   -509
    828  -1448  -5340   -672   -163   -481
    764  -1456  -5436   -640   -102   -422
    780  -1296  -5372   -624   -142   -418
    584  -1588  -5324   -656   -181   -457
    556  -1820  -5296   -624   -156   -517
    396  -1712  -5444   -640   -171   -548
    448  -1592  -5260   -656   -166   -579
    528  -1456  -5732   -656   -200   -603
    580  -1528  -5512   -576   -233   -591
    852  -1488  -5620   -640   -286   -558
    856  -1544  -5160   -640   -264   -533
    844  -1476  -5452   -640   -274   -484
    756  -1484  -5364   -624   -240   -520
    592  -1576  -5604   -656   -228   -536
    640  -1780  -5316   -608   -274   -582
    556  -1744  -5320   -656   -289   -603
    528  -1784  -5360   -624   -285   -546
    912  -1592  -5352   -624   -286   -562
    920  -1344  -5300   -656   -321   -559
    744  -1628  -5516   -640   -283   -474
    872  -1584  -5336   -688   -256   -456
    776  -1752  -5296   -592   -266   -431
    732  -1652  -5468   -672   -199   -483
    572  -1808  -5344   -640   -213   -443
    560  -1796  -5448   -688   -236   -495
    596  -1684  -5404   -640   -220   -527
    652  -1860  -5436   -640   -192   -496
    688  -1588  -5396   -672   -158   -460
    648  -1484  -5280   -672   -175   -425
    860  -1504  -5488   -640   -199   -451
    704  -1800  -5436   -656   -188   -421
    588  -1644  -5396   -592   -158   -419
    716  -1748  -5324   -656   -134   -467
    432  -1756  -5448   -640   -125   -446
    440  -1624  -5520   -624   -142   -501
    640  -1660  -5356   -656   -202   -491
    604  -1620  -5432   -640   -196   -518
    572  -1576  -5456   -656   -176   -470
    772  -1468  -5280   -608   -139   -490
    776  -1500  -5356   -624   -150   -487
    632  -1572  -5368   -656   -168   -503
    764  -1560  -5396   -672   -207   -501
    652  -1596  -5408   -672   -199   -525
    632  -1632  -5380   -672   -189   -529
    660  -1672  -5384   -624   -221   -566
    608  -1564  -5392   -688   -249   -577
    732  -1580  -5376   -656   -234   -563
    768  -1476  -5516   -672   -252   -558
    848  -1320  -5388   -672   -245   -521
    556  -1644  -5452   -624   -254   -530
    740  -1504  -5424   -688   -281   -524
    448  -1664  -5244   -688   -286   -542
    728  -1584  -5444   -672   -278   -515
    676  -1692  -5328   -640   -250   -535
    712  -1596  -5332   -656   -283   -534
    792  -1564  -5448   -624   -271   -517
    768  -1568  -5488   -672   -273   -492
    708  -1592  -5392   -656   -263   -468
    756  -1548  -5172   -672   -232   -446
    828  -1620  -5328   -624   -244   -411
    536  -1684  -5456   -672   -225   -447
    600  -1844  -5348   -672   -212   -462
    556  -1792  -5320   -656   -212   -478
    664  -1788  -5408   -688   -192   -479
    676  -1712  -5372   -688   -187   -459
    564  -1716  -5316   -704   -169   -485
    760  -1664  -5348   -656   -150   -470
    644  -1516  -5444   -688   -135   -466
    620  -1704  -5344   -736   -189   -425
    568  -1680  -5472   -672   -145   -465
    596  -1668  -5536   -624   -130   -456
    604  -1560  -5272   -656   -143   -520
    576  -1640  -5384   -688   -140   -516
    628  -1708  -5432   -672   -171   -531
    768  -1608  -5240   -656   -147   -528
    900  -1468  -5648   -672   -144   -509
    696  -1524  -5424   -656   -179   -529
    732  -1576  -5244   -672   -172   -506
    636  -1680  -5232   -672   -210   -522
    728  -1584  -5340   -624   -181   -530
    536  -1764  -5548   -656   -220   -560
    628  -1644  -5408   -656   -213   -590
    616  -1512  -5332   -640   -238   -538
    692  -1636  -5280   -736   -283   -548
    796  -1532  -5432   -688   -277   -531
    740  -1600  -5268   -688   -236   -519
    744  -1576  -5508   -672   -266   -490
    644  -1708  -5396   -704   -285   -513
    584  -1576  -5508   -672   -310   -490
    656  -1664  -5224   -688   -285   -488
    636  -1660  -5384   -672   -287   -504
    728  -1652  -5500   -640   -270   -514
    772  -1452  -5524   -704   -307   -496
    712  -1696  -5512   -656   -264   -496
    820  -1632  -5276   -704   -267   -455
    780  -1572  -5272   -704   -235   -463
    672  -1692  -5288   -672   -244   -446
    700  -1700  -5356   -688   -238   -444
    692  -1656  -5420   -736   -184   -458
    464  -1716  -5464   -688   -191   -464
    548  -1648  -5484   -656   -204   -475
    724  -1804  -5356   -704   -185   -497
    716  -1612  -5344   -672   -166   -468
    716  -1584  -5396   -688   -127   -486
    720  -1692  -5248   -720   -145   -469
    816  -1704  -5268   -736   -145   -482
    668  -1588  -5420   -688   -167   -485
    692  -1716  -5332   -656   -123   -457
    596  -1580  -5432   -704   -125   -503
    612  -1656  -5520   -688   -160   -534
    620  -1616  -5476   -688   -191   -525
    664  -1448  -5312   -768   -161   -566
    676  -1536  -5452   -720   -174   -543
    712  -1560  -5508   -704   -184   -510
    628  -1512  -5528   -688   -220   -491
    756  -1524  -5228   -704   -194   -525
    624  -1636  -5368   -672   -194   -535
    708  -1676  -5320   -704   -247   -573
    368  -1688  -5392   -704   -232   -544
    600  -1616  -5388   -688   -252   -550
    676  -1708  -5160   -736   -279   -550
    664  -1652  -5504   -720   -255   -544
    816  -1500  -5436   -704   -255   -518
    704  -1540  -5216   -704   -251   -529
    776  -1636  -5452   -688   -296   -519
    732  -1644  -5376   -768   -281   -493
    624  -1576  -5312   -704   -288   -504
    668  -1720  -5476   -672   -292   -505
    692  -1652  -5432   -688   -265   -483
    792  -1556  -5388   -736   -267   -497
    776  -1700  -5592   -720   -268   -477
    768  -1608  -5288   -688   -249   -482
    784  -1592  -5424   -720   -224   -471
    756  -1700  -5376   -704   -219   -446
    664  -1600  -5404   -720   -216   -428
    516  -1516  -5520   -688   -190   -455
    676  -1624  -5444   -672   -228   -475
    624  -1784  -5464   -752   -191   -459
    644  -1728  -5392   -688   -197   -470
    632  -1676  -5156   -752   -158   -472
    692  -1596  -5260   -704   -166   -497
    704  -1636  -5188   -720   -153   -485
    596  -1612  -5332   -720   -151   -516
    700  -1656  -5268   -720   -144   -470
    556  -1660  -5388   -720   -138   -516
    516  -1668  -5336   -736   -134   -514
    816  -1712  -5404   -736   -135   -561
    704  -1516  -5044   -672   -166   -478
    680  -1492  -5604   -704   -193   -554
    384  -1632  -5360   -688   -122   -506
    852  -1556  -5652   -768   -187   -472
    480  -1380  -5484   -736   -190   -617
   1092  -1484  -5380   -784   -238   -487
    728  -1648  -5508   -672   -178   -520
    904  -1552  -5344   -704   -224   -503
    376  -1504  -5272   -768   -252   -560
    764  -1628  -5676   -752   -250   -513
    828  -1592  -5220   -720   -288   -548
    620  -1540  -5340   -736   -240   -506
    688  -1528  -5204   -704   -300   -513
    772  -1664  -5312   -720   -286   -520
    724  -1508  -5408   -736   -284   -494
    832  -1484  -5516   -720   -264   -479
    524  -1704  -5480   -704   -286   -465
    560  -1744  -5356   -720   -293   -500
    564  -1556  -5344   -704   -290   -498
    776  -1668  -5500   -736   -272   -488
    616  -1648  -5232   -688   -245   -512
    728  -1584  -5440   -720   -234   -496
    708  -1636  -5252   -704   -208   -454
    748  -1864  -5492   -704   -244   -434
    620  -1604  -5424   -768   -200   -477
    520  -1644  -5308   -736   -212   -478
    636  -1604  -5424   -720   -208   -482
    660  -1684  -5272   -720   -209   -472
    616  -1664  -5536   -768   -174   -474
    624  -1592  -5596   -752   -169   -516
    680  -1584  -5324   -768   -153   -520
    728  -1580  -5476   -736   -145   -503
    732  -1528  -5556   -688   -154   -498
    668  -1596  -5512   -720   -136   -457
    632  -1716  -5472   -768   -151   -514
    636  -1664  -5276   -720   -146   -520
    552  -1700  -5400   -736   -172   -527
    716  -1596  -5488   -736   -173   -496
    824  -1692  -5336   -736   -150   -535
    776  -1492  -5320   -720   -166   -529
    804  -1648  -5416   -736   -188   -516
    504  -1724  -5412   -768   -182   -512
    660  -1488  -5396   -720   -224   -531
    668  -1520  -5556   -752   -242   -517
    696  -1464  -5540   -736   -217   -532
    768  -1708  -5408   -720   -265   -530
    616  -1580  -5736   -768   -269   -532
    636  -1468  -5476   -736   -266   -498
    688  -1552  -5556   -720   -272   -505
    832  -1592  -5360   -768   -269   -474
    676  -1592  -5356   -720   -284   -495
    808  -1656  -5420   -752   -265   -488
    584  -1468  -5380   -752   -270   -494
    672  -1572  -5284   -704   -269   -466
    776  -1712  -5368   -784   -270   -490
    628  -1748  -5520   -768   -273   -486
    692  -1764  -5288   -736   -278   -471
    716  -1720  -5308   -768   -255   -492
    788  -1732  -5404   -752   -235   -460
    764  -1704  -5520   -768   -195   -472
    680  -1568  -5464   -768   -193   -448
    648  -1684  -5336   -752   -218   -482
    540  -1660  -5336   -768   -188   -473
    580  -1724  -5488   -784   -198   -498
    636  -1620  -5532   -736   -179   -485
    680  -1696  -5244   -752   -186   -492
    696  -1712  -5268   -768   -152   -503
    676  -1696  -5496   -768   -132   -497
    740  -1668  -5336   -784   -139   -505
    788  -1492  -5296   -816   -154   -492
    768  -1584  -5536   -816   -176   -510
    580  -1608  -5472   -768   -182   -474
    556  -1652  -5264   -752   -178   -533
    608  -1516  -5516   -784   -163   -530
    616  -1624  -5480   -752   -165   -526
    752  -1508  -5804   -752   -183   -529
    720  -1580  -5396   -800   -204   -526
    672  -1424  -5292   -736   -211   -521
    796  -1564  -5412   -816   -220   -523
    540  -1624  -5524   -752   -230   -522
    540  -1532  -5296   -768   -259   -502
    684  -1712  -5416   -784   -245   -508
    588  -1684  -5260   -752   -268   -517
    720  -1536  -5528   -768   -275   -511
    792  -1636  -5448   -768   -264   -515
    660  -1616  -5508   -784   -279   -508
    608  -1628  -5336   -736   -251   -477
    728  -1564  -5408   -800   -277   -479
    764  -1608  -5392   -816   -281   -512
    648  -1656  -5460   -784   -274   -462
    724  -1728  -5456   -832   -293   -494
    692  -1740  -5420   -752   -272   -483
    580  -1760  -5356   -752   -244   -502
    756  -1800  -5460   -752   -262   -510
    732  -1744  -5528   -800   -267   -469
    608  -1552  -5312   -784   -231   -482
    704  -1572  -5268   -768   -222   -480
    636  -1688  -5492   -800   -225   -467
    620  -1608  -5364   -736   -199   -469
    616  -1676  -5340   -784   -200   -483
    712  -1644  -5128   -800   -184   -492
    576  -1612  -5420   -816   -216   -493
    608  -1660  -5280   -752   -147   -516
    724  -1644  -5408   -768   -183   -506
    668  -1660  -5152   -768   -138   -521
    712  -1544  -5488   -752   -142   -523
    548  -1724  -5440   -768   -158   -539