    564  -2028  -5376   -528   -116   -489
    388  -2116  -5260   -576   -163   -497
    452  -2040  -5480   -560   -163   -491
    552  -2060  -5248   -544   -156   -478
    632  -1980  -5340   -528    -97   -513
    508  -1932  -5364   -560   -209   -469
    572  -1952  -5492   -544   -166   -449
    716  -2032  -5484   -560   -166   -498
    472  -2056  -5400   -512   -216   -514
    692  -2068  -5556   -496   -188   -512
    780  -2016  -5540   -544   -261   -509
    604  -2056  -5492   -560   -250   -526
    556  -2144  -5308   -512   -194   -493
    564  -1972  -5428   -576   -238   -514
    772  -2012  -5336   -544   -209   -515
    692  -2144  -5408   -576   -197   -489
    604  -2152  -5552   -560   -230   -482
    672  -2052  -5204   -544   -175   -476
    600  -2160  -5312   -560   -169   -468
    548  -1976  -5388   -544   -196   -495
    632  -1984  -5628   -560   -148   -462
    624  -1944  -5284   -576   -145   -504
    512  -1848  -5432   -592   -173   -501
    592  -1984  -5548   -528   -148   -499
    736  -1940  -5268   -576   -208   -497
    488  -2012  -5464   -576   -217   -506
    664  -2044  -5404   -560   -206   -475
    684  -1960  -5384   -560   -233   -521
    696  -2072  -5260   -576   -197   -499
    500  -1964  -5608   -640   -213   -508
    580  -2156  -5320   -608   -258   -478
    748  -2052  -5344   -528   -217   -484
    780  -2104  -5312   -560   -187   -475
    496  -2148  -5332   -576   -205   -509
    600  -1912  -5428   -592   -168   -501
    744  -1904  -5432   -608   -195   -515
    632  -1980  -5488   -528   -185   -517
    680  -2016  -5224   -528   -186   -476
    468  -1960  -5616   -576   -218   -507
    436  -2036  -5428   -608   -224   -474
    692  -1844  -5488   -544   -217   -491
    672  -1932  -5328   -576   -243   -520
    572  -1992  -5480   -560   -214   -499
    572  -2028  -5320   -576   -213   -523
    484  -2076  -5308   -608   -231   -503
    760  -2076  -5176   -608   -180   -532
    448  -2192  -5368   -592   -147   -576
    384  -2288  -5376   -592   -199   -624
    -92  -1828  -5552   -576   -235   -742
     32  -1644  -6212   -576   -434   -781
    472  -2216  -5104   -608   -586   -795
   1072  -1648  -5580   -592   -803   -620
    684  -1280  -5228   -608   -680   -960
    924   -724  -5944   -608   -785   -971
   1060  -1248  -5828   -576   -726   -767
    940  -1520  -5468   -576   -752   -461
    888  -1588  -5668   -624   -733   -300
     76  -1156  -5324   -592   -454   -333
    188  -2032  -5272   -592   -482   -456
    440  -2416  -5340   -576   -499   -476
     44  -2496  -5616   -560   -319   -487
    164  -2512  -5252   -640   -270   -397
    368  -2608  -5408   -560   -152   -478
    756  -2168  -5204   -608    153   -647
    404  -1808  -5312   -592    138   -713
    820  -1496  -5740   -576    148   -496
   1044  -1432  -5620   -592    301   -207
   1052  -1364  -5304   -640    273   -129
    820  -1344  -5276   -624    338   -138
    548  -1444  -5828   -672    466   -238
    204  -1568  -5640   -608    267   -323
    896  -1548  -5804   -560    184   -211
   -148  -1968  -5376   -656    102   -329
    176  -1964  -5480   -592   -193   -490
    -92  -1920  -5380   -624   -274   -709
    236  -1768  -5468   -640   -352   -946
    276  -1452  -5336   -640   -580   -996
    668  -1340  -5672   -624   -657   -855
    912   -680  -5512   -624   -687   -508
    920  -1100  -5632   -624   -784   -724
   1200  -1384  -5452   -608   -584   -787
   1036  -1564  -5304   -576   -585   -770
    548  -1164  -5800   -608   -696   -531
    504  -2180  -5420   -656   -532   -243
    444  -2160  -5296   -640   -469   -292
    428  -2432  -5236   -592   -395   -374
    288  -2316  -5012   -640   -204   -546
    260  -2444  -5524   -656   -146   -649
    620  -2372  -5512   -608   -135   -517
    852  -2000  -5304   -656     31   -379
    684  -1792  -5528   -576    157   -208
    884  -1272  -5032   -608    228   -359
   1136  -1600  -5172   -640    331   -381
    880  -1248  -5664   -592    282   -304
    592  -1204  -5324   -640    225    -64
    476  -1424  -5220   -640    275     23
    172  -1560  -5348   -640    148   -198
    252  -1968  -5472   -624    102   -454
   -304  -1536  -5376   -672    -16   -579
   -212  -1832  -5700   -624   -260   -612
     52  -1848  -5472   -672   -406   -653
    164  -1564  -5308   -640   -461   -835
    600  -1328  -5568   -640   -530   -959
    800  -1224  -5444   -624   -589  -1065
    812  -1340  -5556   -608   -649   -858
   1096  -1376  -5316   -624   -682   -638
   1036  -1620  -5436   -640   -637   -613
    812  -1560  -5256   -608   -568   -628
    728  -1812  -5348   -624   -482   -476
    432  -1908  -5336   -624   -451   -420
    652  -2624  -5440   -608   -455   -345
    352  -2536  -5136   -640   -333   -355
    332  -2308  -5296   -672   -207   -478
    536  -2224  -5380   -656    -72   -552
    532  -2052  -5200   -640     26   -548
    580  -1820  -5300   -656     83   -438
   1028  -1580  -5480   -608    134   -307
    756  -1288  -5224   -640    188   -160
   1036  -1444  -5464   -624    231   -273
    620  -1484  -5636   -624    303   -258
    996  -1760  -5640   -624    259   -130
    156  -1612  -5536   -640    125   -148
    -52  -1508  -5344   -640     79   -197
    -92  -1760  -5560   -640    -17   -395
     16  -1836  -5004   -656   -203   -566
    -28  -1968  -5648   -688   -337   -733
    192  -1864  -5480   -608   -501   -769
    188  -1540  -5368   -656   -576   -868
    396  -1500  -5012   -688   -551   -867
    972  -1844  -5564   -640   -782   -880
    872  -1268  -5660   -608   -660   -854
    768  -1456  -5652   -672   -606   -780
    776  -1672  -5492   -672   -599   -658
    924  -1604  -5620   -656   -562   -518
    736  -2004  -5532   -656   -422   -425
    656  -2156  -5448   -656   -394   -485
    424  -2428  -5300   -720   -298   -464
    468  -2500  -5648   -672   -197   -460
    240  -2284  -5452   -672   -124   -470
    492  -2152  -5352   -656      4   -415
    584  -2104  -5184   -624     20   -449
    608  -1940  -5480   -624     88   -398
    840  -1688  -5520   -688    154   -381
    936  -1404  -5652   -640    207   -260
    920  -1332  -5456   -672    222   -186
    912  -1452  -5416   -672    232   -158
    684  -1416  -5256   -656    156   -118
    432  -1716  -5612   -688    113   -220
    300  -2040  -5616   -672    -18   -364
    104  -1644  -5512   -656   -182   -543
   -212  -1912  -5560   -672   -261   -584
    344  -1828  -5444   -640   -443   -690
    152  -1656  -5404   -640   -539   -810
    604  -1588  -5648   -608   -597   -911
    688  -1556  -5532   -656   -648   -938
    884  -1384  -5536   -656   -630   -773
    816  -1464  -5260   -640   -607   -764
   1012  -1676  -5376   -672   -596   -720
    728  -1576  -5272   -640   -509   -635
    732  -1796  -5436   -640   -455   -554
    820  -2088  -5328   -656   -407   -435
    520  -2240  -5164   -640   -330   -404
    316  -2352  -5424   -656   -216   -409
    472  -2300  -5336   -704   -180   -486
    520  -2288  -5248   -672    -56   -475
    392  -2276  -5336   -688      3   -452
    772  -1912  -5516   -688     82   -392
    848  -1684  -5420   -688    165   -307
   1020  -1760  -5296   -720    177   -272
   1068  -1352  -5544   -672    215   -265
    608  -1288  -5608   -656    221   -217
    552  -1420  -5592   -672    128   -161
    264  -1468  -5460   -656     91   -226
    416  -1680  -5712   -656    -10   -294
     44  -1656  -5328   -672   -140   -384
    180  -1808  -5480   -688   -235   -527
    156  -1876  -5348   -656   -377   -682
    132  -1736  -5644   -640   -514   -783
    372  -1624  -5380   -640   -584   -819
    760  -1552  -5500   -672   -624   -842
    708  -1444  -5404   -720   -617   -898
    848  -1492  -5632   -672   -603   -854
    924  -1644  -5340   -704   -587   -783
    836  -1636  -5648   -736   -559   -656
    872  -1764  -5576   -608   -475   -559
    748  -2024  -5388   -704   -407   -474
    564  -2280  -5412   -688   -302   -467
    588  -2352  -5408   -736   -203   -453
    488  -2376  -5132   -672   -159   -474
    284  -2440  -5572   -672    -43   -487
    452  -2068  -5328   -688     21   -466
    644  -1980  -5328   -672     81   -410
    816  -1948  -5412   -688    153   -363
    724  -1660  -5460   -672    207   -311
    664  -1524  -5576   -704    164   -262
    820  -1424  -5540   -672    176   -191
    572  -1572  -5612   -688    121   -222
    560  -1516  -5560   -672    130   -232
    440  -1628  -5388   -688     23   -265
    256  -1716  -5480   -688    -76   -363
    104  -1764  -5636   -704   -239   -424
    200  -1824  -5580   -720   -385   -553
    176  -1856  -5372   -688   -429   -665
    340  -1824  -5628   -736   -543   -785
    416  -1764  -5492   -720   -608   -846
    564  -1624  -5428   -672   -633   -856
    800  -1624  -5428   -720   -628   -835
    712  -1564  -5644   -688   -621   -761
    892  -1748  -5332   -704   -565   -726
   1044  -1904  -5460   -672   -494   -662
    740  -2000  -5488   -720   -376   -538
    652  -2004  -5184   -688   -357   -473
    448  -2108  -5340   -704   -252   -415
    508  -2380  -5548   -720   -172   -448
    564  -2164  -5356   -720    -78   -458
    428  -2128  -5364   -688     14   -474
    616  -1992  -5320   -720     72   -479
    836  -1700  -5548   -720    136   -383
    820  -1760  -5448   -672    147   -348
   1008  -1748  -5732   -736    140   -321
    760  -1392  -5436   -672    199   -263
    600  -1476  -5592   -720    132   -238
    516  -1496  -5476   -688     73   -227
    520  -1480  -5352   -720      0   -241
    336  -1572  -5436   -704    -65   -295
    268  -1760  -5372   -736   -186   -397
    208  -1928  -5408   -752   -321   -507
    112  -1992  -5512   -720   -431   -625
    280  -1840  -5468   -752   -547   -727
    560  -1596  -5292   -704   -604   -743
    600  -1728  -5388   -752   -621   -833
    688  -1696  -5352   -736   -612   -821
    752  -1624  -5408   -672   -593   -762
    904  -1720  -5452   -752   -559   -753
    872  -1752  -5708   -656   -533   -646
    744  -1848  -5432   -672   -410   -578
    700  -2120  -5468   -720   -322   -520
    600  -2040  -5240   -688   -209   -474
    516  -2200  -5276   -736   -135   -467
    464  -2228  -5216   -752    -81   -451
    524  -2252  -5400   -736      8   -466
    496  -2072  -5496   -720     62   -479
    724  -1904  -5492   -752    110   -456
    836  -1800  -5400   -768    166   -363
    648  -1544  -5540   -736    170   -368
    812  -1512  -5384   -704    124   -255
   1016  -1560  -5308   -736    137   -209
    628  -1652  -5408   -784    106   -228
    460  -1476  -5588   -688     36   -252
    248  -1600  -5572   -704    -62   -322
    212  -1796  -5496   -688   -175   -354
    376  -1760  -5524   -720   -310   -432
    212  -1792  -5524   -720   -385   -547
    152  -1824  -5108   -752   -483   -653
    228  -1704  -5384   -736   -597   -723
    612  -1612  -5496   -752   -603   -802
    556  -1764  -5424   -720   -633   -816
    712  -1664  -5148   -688   -625   -767
    852  -1720  -5368   -736   -568   -744
    796  -1804  -5616   -704   -531   -674
    800  -1744  -5404   -736   -443   -625
    604  -1916  -5400   -784   -358   -539
    564  -2184  -5540   -720   -260   -489
    628  -2108  -5540   -768   -192   -443
    420  -2192  -5212   -704    -86   -445
    368  -2200  -5276   -704    -16   -496
    548  -2048  -5428   -752     68   -478
    460  -2012  -5392   -688     82   -462
    576  -1864  -5260   -736    124   -430
    864  -1668  -5392   -736    171   -339
    864  -1628  -5624   -752    156   -337
    640  -1476  -5564   -704    149   -300
    792  -1564  -5676   -752    110   -275
    604  -1572  -5484   -720     16   -284
    496  -1668  -5444   -704    -46   -299
    364  -1652  -5712   -736   -180   -338
    292  -1744  -5408   -704   -263   -431
    188  -1808  -5380   -752   -362   -538
    248  -1832  -5812   -688   -462   -605
    268  -1752  -5500   -768   -553   -684
    460  -1752  -5204   -800   -613   -732
    492  -1728  -5280   -752   -573   -766
    764  -1680  -5348   -752   -605   -747
    716  -1640  -5548   -752   -590   -728
    960  -1648  -5568   -784   -522   -682
    816  -1944  -5332   -752   -457   -637
    776  -1984  -5404   -768   -361   -472
    756  -1980  -5420   -768   -281   -490
    584  -2144  -5428   -736   -202   -471
    444  -2056  -5484   -752    -98   -464
    576  -2172  -5608   -768    -33   -494
    520  -2048  -5284   -720     13   -455
    624  -2080  -5360   -736    107   -468
    724  -1860  -5476   -768    102   -432
    736  -1880  -5448   -800    142   -441
    604  -1456  -5388   -720    188   -380
    640  -1488  -5612   -784    103   -321
    752  -1516  -5488   -752    112   -274
    612  -1364  -5348   -752     49   -297
    636  -1524  -5240   -800    -56   -318
    320  -1676  -5640   -736   -146   -339
    332  -1780  -5492   -752   -233   -384
    404  -1644  -5384   -736   -409   -469
    312  -1852  -5392   -784   -440   -536
    316  -1860  -5332   -752   -545   -680
    428  -1836  -5516   -768   -601   -715
    372  -1832  -5416   -800   -605   -762
    800  -1760  -5372   -784   -638   -752
    792  -1572  -5164   -736   -586   -736
    716  -1852  -5384   -768   -511   -661
    876  -1836  -5384   -736   -455   -654
    884  -1860  -5192   -720   -401   -555
    784  -1992  -5432   -752   -296   -504
    612  -2144  -5376   -752   -204   -452
    672  -2064  -5304   -768   -131   -444
    372  -2296  -5384   -800    -31   -470
    516  -2212  -5032   -784     22   -510
    640  -2012  -5332   -752     94   -488
    544  -1812  -5344   -720    103   -473
    836  -1772  -5348   -768    112   -423
    720  -1580  -5328   -768    133   -356
    628  -1516  -5456   -800    151   -386
    816  -1436  -5424   -784    101   -351
    548  -1620  -5600   -800     78   -345
    460  -1600  -5584   -720    -20   -322
    560  -1528  -5616   -768   -106   -360
    432  -1620  -5584   -800   -188   -398
    236  -1820  -5576   -768   -318   -464
    300  -1860  -5428   -752   -418   -546
    212  -1864  -5308   -752   -510   -631
    272  -1932  -5500   -752   -598   -708
    440  -1796  -5492   -736   -611   -750
    716  -1664  -5584   -832   -619   -739
    580  -1688  -5612   -784   -603   -712
    696  -1772  -5524   -784   -548   -705
    816  -1808  -5324   -800   -511   -663
    788  -1720  -5448   -800   -439   -592
    656  -2056  -5456   -720   -304   -496
    728  -2088  -5480   -768   -269   -450
    480  -2352  -5404   -752   -154   -440
    392  -2352  -5380   -784    -66   -452
    312  -2224  -5696   -768      6   -456
    452  -2164  -5572   -800     52   -473
    716  -1768  -5520   -800    105   -463
    596  -1916  -5624   -784     78   -426
    784  -1712  -5264   -768    125   -418
    768  -1584  -5480   -752    132   -396
    536  -1592  -5564   -784     76   -370
    760  -1588  -5360   -800     84   -354
    632  -1584  -5544   -800     24   -351
    504  -1728  -5568   -816    -91   -400
    256  -1544  -5556   -752   -164   -397
    472  -1572  -5344   -784   -279   -422
    228  -1796  -5472   -784   -387   -494
    196  -1884  -5472   -784   -484   -575
    436  -1792  -5524   -800   -557   -656
    340  -1888  -5420   -800   -587   -721
    696  -1792  -5480   -816   -593   -751
    628  -1780  -5576   -768   -592   -690
    688  -1644  -5340   -784   -542   -648
    904  -1764  -5416   -784   -483   -620
    824  -1892  -5428   -768   -449   -617
    684  -2000  -5276   -832   -354   -501
    620  -1936  -5560   -752   -263   -427
    188  -2232  -5436   -784   -195   -399
    516  -2200  -5540   -768    -76   -411
    648  -2092  -5068   -752     -9   -422
    388  -2148  -5388   -784     30   -446
    560  -2172  -5428   -768     89   -441
    504  -1948  -5212   -816     98   -475
    568  -1852  -5580   -848    144   -440
    712  -1608  -5544   -784    139   -408
    596  -1700  -5248   -832     93   -377
    440  -1624  -5452   -752     83   -382
    700  -1428  -5544   -784     24   -382
    508  -1552  -5628   -832    -62   -372
    352  -1560  -5436   -800   -153   -390
    364  -1844  -5420   -784   -244   -463
    192  -1684  -5504   -832   -363   -512
    580  -1864  -5548   -816   -460   -589
    504  -1720  -5256   -816   -513   -679
    480  -1812  -5376   -736   -596   -694
    560  -1780  -5348   -832   -618   -693
    492  -1604  -5520   -800   -604   -697
    748  -1656  -5500   -832   -555   -688
    920  -1692  -5576   -768   -486   -618
    708  -1764  -5304   -752   -451   -557
    856  -1876  -5348   -768   -388   -511
    584  -2068  -5252   -768   -277   -457
    652  -2024  -5412   -784   -233   -410
    372  -2124  -5316   -816   -122   -395
    392  -2200  -5356   -832    -20   -402
    360  -1992  -5252   -816    -10   -449
    512  -1848  -5308   -768     89   -415
    416  -1912  -5336   -800     88   -473
    648  -1756  -5392   -816     88   -419
    676  -1788  -5620   -784    123   -438
    656  -1520  -5416   -768    107   -400
    780  -1568  -5584   -768     78   -408
    840  -1412  -5324   -816     15   -388
    456  -1544  -5368   -784    -30   -409
    604  -1516  -5384   -752   -148   -401
    412  -1600  -5336   -832   -232   -466
    536  -1576  -5448   -784   -312   -505
    312  -1908  -5416   -800   -414   -570
    324  -1912  -5368   -832   -471   -613
    576  -1892  -5380   -816   -564   -696
    432  -1688  -5356   -816   -578   -687
    756  -1772  -5616   -832   -575   -735
    620  -1768  -5500   -832   -590   -679
    712  -1880  -5512   -848   -508   -645
    684  -1812  -5368   -800   -481   -571
    688  -1948  -5444   -768   -415   -510
    764  -1968  -5600   -800   -351   -423
    500  -1952  -5588   -832   -211   -412
    712  -2120  -5348   -768   -170   -406
    644  -2136  -5476   -800   -119   -380
    740  -2068  -5396   -816    -24   -418
    420  -2024  -5244   -816     35   -452
    552  -2116  -5452   -832    119   -432
    588  -1724  -5644   -800     79   -435
    548  -1944  -5492   -832     92   -403
    756  -1616  -5296   -816    103   -417
    732  -1496  -5536   -816     62   -413
    656  -1508  -5508   -832     11   -405
    648  -1556  -5468   -832    -14   -403
    300  -1644  -5408   -848   -150   -431
    376  -1656  -5528   -832   -194   -430
    296  -1668  -5380   -816   -295   -491
    408  -1720  -5600   -784   -366   -554
    392  -1764  -5248   -832   -480   -590
    320  -1960  -5424   -832   -505   -673
    576  -1828  -5488   -832   -585   -716
    652  -1896  -5584   -816   -564   -721
    680  -1792  -5480   -784   -566   -705
    816  -1744  -5364   -864   -546   -655
    920  -1704  -5424   -816   -446   -608
    864  -1792  -5304   -736   -384   -549
    900  -1980  -5356   -800   -341   -492
    692  -2080  -5300   -816   -273   -428
    524  -2040  -5188   -848   -163   -387
    476  -2232  -5300   -816   -133   -405
    440  -2200  -5288   -768    -27   -387
    496  -2020  -5316   -848     26   -403
    420  -2120  -5440   -800     46   -426
    516  -1872  -5104   -832    123   -439
    620  -1708  -5472   -832     84   -448
    568  -1848  -5724   -832     74   -407
    672  -1664  -5396   -832     73   -437
    648  -1616  -5452   -816     22   -395
    732  -1740  -5448   -800    -33   -415
    588  -1660  -5408   -832    -84   -405
    500  -1708  -5464   -832   -169   -456
    476  -1800  -5476   -816   -266   -502
    256  -1884  -5452   -848   -355   -561
    336  -1888  -5292   -832   -415   -606
    460  -1724  -5480   -832   -519   -664
    608  -1892  -5280   -848   -544   -674
    596  -1844  -5524   -816   -559   -718
    636  -1792  -5488   -832   -538   -730
    784  -1704  -5436   -864   -569   -700
    640  -1872  -5420   -848   -472   -609
    588  -1844  -5388   -848   -397   -574
    700  -1816  -5500   -864   -333   -478
    736  -1740  -5436   -864   -245   -446
    596  -2048  -5532   -848   -173   -408
    656  -2192  -5452   -848   -134   -411
    596  -1960  -5388   -816    -26   -379
    476  -2156  -5388   -832     -5   -392
    368  -2072  -5460   -800     40   -373
    632  -2048  -5464   -816     92   -426
    576  -1944  -5460   -848     75   -456
    648  -1732  -5420   -832     69   -401
    592  -1652  -5544   -864     47   -402
    584  -1568  -5516   -832     38   -405
    676  -1600  -5540   -816    -12   -420
    488  -1528  -5468   -816    -99   -404
    576  -1652  -5632   -832   -165   -461
    468  -1752  -5488   -800   -260   -488
    316  -1772  -5544   -864   -336   -548
    300  -1848  -5372   -848   -418   -582
    360  -1884  -5464   -848   -478   -635
    552  -1736  -5532   -832   -537   -687
    612  -1864  -5640   -800   -533   -735
    596  -1804  -5276   -832   -545   -727
    624  -1796  -5512   -848   -515   -670
    736  -1796  -5428   -848   -489   -642
    756  -2052  -5444   -832   -445   -597
    704  -1812  -5388   -896   -339   -552
    840  -2048  -5480   -864   -309   -456
    828  -1872  -5580   -880   -216   -386
    660  -2192  -5412   -896   -169   -385
    608  -2040  -5496   -848    -98   -361
    612  -2100  -5580   -816    -27   -390
    388  -1968  -5604   -864     26   -443
    400  -1876  -5480   -832     45   -420
    596  -1892  -5404   -832     53   -402
    680  -1832  -5516   -832     62   -412
    664  -1676  -5536   -816     42   -424
    728  -1592  -5712   -848     22   -413
    768  -1576  -5324   -864    -25   -384
    468  -1576  -5568   -832    -61   -429
    564  -1764  -5456   -880   -193   -450
    268  -1716  -5176   -880   -185   -468
    628  -1796  -5720   -816   -341   -595
    404  -1752  -5524   -864   -371   -579
    424  -1816  -5388   -832   -466   -633
    460  -1832  -5548   -784   -493   -719
    392  -1964  -5280   -880   -478   -702
    460  -1748  -5536   -816   -546   -704
    640  -1856  -5316   -832   -518   -718
    860  -1880  -5416   -752   -520   -663
    748  -1816  -5336   -848   -442   -612
    788  -1868  -5532   -864   -346   -587
    732  -2052  -5328   -848   -329   -507
    736  -2124  -5600   -848   -255   -416
    648  -2160  -5348   -880   -144   -364
    680  -2076  -5840   -768   -137   -450
    624  -2108  -5432   -848    -31   -370
    564  -2088  -5520   -864     16   -413
    672  -2048  -5468   -880     29   -415
    508  -1948  -5340   -816     49   -395
    488  -1768  -4984   -832    134   -341
    520  -1876  -5472   -832      9   -417
    600  -1712  -5472   -832     11   -442
    656  -1384  -5196   -880    -41   -458
    512  -1656  -5576   -816    -93   -447
    308  -1692  -5512   -864   -122   -431
    552  -1780  -5276   -832   -216   -457