    892  -2304  -5300   -800   -217   -516
    776  -2212  -5396   -832   -192   -477
    664  -2400  -5380   -816   -206   -535
    528  -2332  -5320   -784   -211   -529
    608  -2356  -5572   -848   -236   -512
    600  -2172  -5216   -784   -226   -483
    712  -2268  -5280   -832   -212   -519
    716  -2188  -5192   -816   -223   -516
    792  -2340  -5312   -848   -225   -515
    636  -2220  -5264   -800   -222   -517
    832  -2244  -5204   -848   -245   -508
    664  -2180  -5328   -832   -231   -535
    716  -2340  -5312   -832   -200   -503
    744  -2180  -5348   -816   -218   -469
    800  -2252  -5412   -816   -210   -479
    712  -2296  -5068   -848   -207   -483
    664  -2324  -5088   -864   -210   -541
    680  -2260  -5180   -800   -220   -514
    708  -2372  -5580   -800   -236   -548
    860  -2172  -5436   -816   -202   -509
    760  -2404  -5300   -752   -206   -520
    812  -2264  -5364   -816   -238   -485
    584  -2344  -5140   -864   -210   -473
    828  -2236  -5224   -816   -256   -542
    644  -2416  -5340   -864   -186   -514
    660  -2364  -5248   -816   -201   -537
    724  -2308  -5112   -880   -214   -507
    572  -2412  -5240   -848   -193   -532
    668  -2336  -5076   -800   -153   -530
    644  -2456  -5208   -848   -196   -537
    764  -2516  -4548   -848    -46   -643
    444  -2612  -5460   -848   -227   -988
   -216  -2376  -5356   -816   -293   -868
    272  -2024  -5276   -832   -382   -646
    196  -1752  -5480   -800   -581   -677
   -520  -1716  -5348   -816   -422   -954
    984  -1220  -5112   -816   -569  -1249
    632  -1604  -5664   -848   -714  -1305
    944  -1704  -5744   -832   -757   -809
    988  -1648  -5816   -832   -786   -450
    816  -1820  -4828   -832   -616   -434
    660  -2336  -5276   -800   -508   -511
    216  -2300  -5548   -816   -652   -713
  -1664  -5512  -9628   -832   -782   -392
    404  -2268  -6356   -832   -334   -512
   1100  -3196  -6412   -816   -643    -37
    348  -2528  -5256   -848   -230   -530
    904  -2972  -5348   -832    -43   -679
    824  -2224  -5384   -784    -18   -692
   1060  -2152  -5520   -816     60   -317
    544  -1748  -5548   -816    125      4
    712  -1896  -5120   -816    157     91
   1040  -1880  -5436   -832    367    -76
    740  -1924  -5132   -864    381   -259
    640  -1848  -5564   -816    224    -88
    484  -2280  -5692   -816    101    -37
    380  -1852  -5228   -832     -9   -242
     72  -2156  -5140   -832   -126   -425
    352  -2264  -5340   -848   -153   -794
    256  -2064  -5276   -864   -424  -1087
    420  -1892  -5664   -864   -535  -1018
    904  -1780  -5744   -864   -563   -943
     12  -1004  -4616   -800   -654   -828
    900  -1600  -5188   -784   -645   -871
   1076  -1856  -5248   -832   -528   -983
    840  -1672  -5240   -832   -564   -974
    748  -2204  -5660   -832   -640   -534
    524  -2388  -5304   -832   -554   -351
    424  -2592  -5388   -848   -486   -349
    824  -2796  -4948   -880   -316   -493
    728  -2700  -5164   -800   -262   -684
    368  -2628  -5508   -800   -254   -697
    552  -2564  -5352   -832   -142   -443
    688  -2316  -5288   -832   -112   -314
   1212  -2180  -5328   -880    116   -284
    940  -1896  -5320   -864    149   -312
    720  -1748  -5468   -832    229   -346
    824  -1712  -5312   -848    245    -49
    692  -1672  -5396   -832    248    180
    560  -1756  -5452   -864    144    173
    444  -1852  -5288   -880    226    -30
    252  -1960  -5244   -864     77   -359
   -288  -2196  -5416   -832   -190   -555
    -12  -2216  -5800   -880   -225   -602
    280  -2124  -5740   -832   -408   -609
    332  -2040  -5608   -832   -520   -764
    400  -1952  -5160   -864   -491   -973
    856  -1840  -5368   -864   -638  -1205
    816  -1540  -5348   -896   -633  -1085
    804  -1856  -5632   -816   -637   -863
    900  -1856  -5492   -816   -710   -716
    828  -2156  -5544   -864   -586   -589
    700  -2580  -5660   -832   -501   -612
    648  -2356  -4952   -880   -455   -692
    740  -2688  -5540   -864   -385   -567
    504  -2644  -5596   -848   -311   -425
    644  -2596  -5296   -848   -252   -421
    588  -2540  -5124   -816    -41   -506
    776  -2392  -5188   -864     -4   -615
    568  -2224  -5256   -848     35   -562
    924  -2116  -5508   -832    129   -339
    924  -1956  -5504   -848    114   -100
   1060  -1680  -4952   -848    192     72
    888  -1704  -5360   -864    290     -4
    636  -1416  -5176   -848    207   -145
    344  -1876  -5692   -880    110    -79
    188  -2024  -5368   -880    112    -39
     24  -2152  -5200   -848   -130   -207
    180  -1964  -5164   -880   -171   -317
    256  -2144  -5344   -864   -271   -683
    112  -1940  -5156   -880   -528   -879
    304  -2068  -5464   -800   -579   -936
    604  -1784  -5300   -832   -626   -954
    480  -1748  -5432   -880   -707   -884
    728  -1900  -5076   -880   -615   -800
    952  -1848  -5540   -896   -573   -947
   1204  -2244  -5652   -816   -607   -879
    944  -2128  -5508   -912   -447   -668
    524  -2352  -5512   -832   -526   -545
    672  -2444  -5192   -896   -372   -434
    532  -2432  -5064   -880   -225   -532
    740  -2580  -5108   -848   -270   -607
    640  -2824  -5296   -896    -95   -642
    724  -2404  -5512   -832     19   -587
    780  -2216  -5468   -880    -41   -432
    804  -2148  -5396   -816    135   -288
    856  -2100  -5548   -896    152   -308
    824  -1920  -5512   -880    160   -282
    800  -2044  -5492   -880    232   -119
    700  -1736  -5404   -864    187    -63
    604  -2000  -5636   -816     81     75
    308  -1952  -5320   -864    101     -6
    172  -1964  -5172   -912    -52   -232
    360  -2200  -5244   -912   -203   -420
    164  -2016  -5512   -896   -267   -566
    196  -1868  -5276   -832   -527   -660
    120  -2080  -5408   -864   -581   -701
    420  -2052  -5536   -864   -589   -810
    752  -1984  -5240   -864   -670   -907
    844  -1852  -5452   -864   -651  -1025
    844  -1924  -5552   -864   -617   -955
    804  -1936  -5660   -864   -661   -797
    812  -2216  -5424   -912   -533   -601
    700  -2336  -5212   -880   -443   -539
    820  -2224  -5256   -864   -382   -591
    568  -2484  -5312   -896   -285   -644
    640  -2484  -5172   -912   -186   -595
    520  -2708  -5368   -896   -163   -555
    660  -2376  -5496   -896     -2   -499
    704  -2384  -5224   -928     42   -487
    728  -2100  -5360   -848    126   -510
   1040  -2068  -5452   -944    172   -449
    820  -2024  -5572   -896    161   -326
    756  -1732  -5516   -848    173   -106
    752  -1840  -5348   -928    184    -18
    432  -1976  -5248   -896    132    -52
    612  -1764  -5336   -880     96   -139
    416  -2068  -5420   -912     15   -203
    356  -1812  -5420   -864   -169   -307
     28  -2104  -5256   -896   -296   -396
    164  -2208  -5412   -912   -412   -474
    152  -1944  -5260   -880   -534   -671
    400  -1908  -5332   -896   -590   -823
    604  -1984  -5520   -896   -694   -926
    672  -2004  -5452   -880   -689   -908
    560  -1964  -5616   -864   -678   -807
    924  -1916  -5332   -912   -638   -747
    720  -1932  -5424   -880   -549   -694
    672  -2212  -5276   -896   -480   -661
    840  -2328  -5400   -864   -400   -714
    440  -2440  -5300   -928   -305   -577
    508  -2520  -5424   -848   -222   -493
    548  -2656  -5204   -912   -141   -544
    624  -2544  -5268   -832     -2   -547
    808  -2324  -5392   -928     30   -611
    652  -2168  -5412   -912     77   -580
    836  -2032  -5384   -912    154   -448
    796  -2008  -5400   -864    160   -288
    852  -1972  -5352   -896    175   -194
    784  -1768  -5244   -896    207   -153
    572  -1792  -5340   -864    176   -179
    592  -1784  -5596   -944     88   -193
    424  -1932  -5488   -880     -5   -149
    400  -1896  -5476   -928   -157   -225
    140  -2128  -5408   -896   -263   -280
    204  -2096  -5328   -928   -377   -464
    280  -2044  -5580   -896   -560   -675
    220  -2016  -5332   -960   -619   -792
    436  -1860  -5484   -864   -675   -810
    516  -1940  -5512   -912   -726   -803
    652  -2052  -5288   -880   -666   -721
    832  -2024  -5284   -896   -638   -755
    664  -2072  -5296   -896   -556   -739
    888  -2160  -5204   -928   -475   -681
    440  -2240  -5152   -896   -388   -593
    620  -2568  -5588   -896   -349   -522
    616  -2448  -5324   -880   -253   -475
    468  -2540  -5184   -928   -117   -544
    732  -2520  -5052   -928    -45   -623
    584  -2480  -5440   -960     50   -637
    648  -2416  -5376   -928     54   -583
    624  -2308  -5408   -912     98   -463
    788  -2060  -5444   -912    216   -362
    892  -1856  -5400   -912    176   -310
    660  -1904  -5352   -912    185   -274
    776  -1828  -5408   -944    206   -207
    624  -1916  -5292   -928     73   -193
    608  -1884  -5432   -896     19   -136
    344  -2036  -5136   -880    -67   -213
    344  -2000  -5288   -944   -220   -331
    220  -2208  -5328   -896   -354   -459
    268  -2104  -5288   -944   -447   -582
    364  -1968  -5432   -912   -577   -666
    324  -1980  -5544   -896   -638   -697
    592  -1888  -5252   -928   -688   -767
    676  -1864  -5296   -880   -670   -784
    908  -2020  -5336   -880   -623   -831
    840  -1964  -5620   -896   -596   -724
    836  -2100  -5448   -928   -547   -646
    676  -2252  -5424   -880   -481   -560
    636  -2412  -5444   -912   -371   -521
    712  -2568  -5300   -912   -296   -496
    772  -2568  -5280   -896   -141   -538
    508  -2536  -5092   -928    -70   -574
    600  -2592  -5292   -912    -14   -571
    564  -2348  -5404   -896     90   -523
    636  -2156  -5384   -912     86   -498
    988  -2036  -5260   -912    183   -461
    840  -1760  -5304   -896    221   -429
    644  -1836  -5420   -864    162   -322
    640  -1920  -5316   -928    174   -249
    596  -1828  -5456   -912    135   -222
    708  -1880  -5540   -928     41   -219
    556  -1960  -5288   -960    -61   -250
    412  -1936  -5480   -944   -151   -336
    304  -2092  -5396   -880   -290   -428
    308  -1940  -5364   -928   -416   -501
    400  -2104  -5288   -896   -505   -613
    420  -2120  -5468   -928   -598   -706
    684  -1948  -5456   -976   -676   -753
    544  -1920  -5452   -880   -683   -785
    600  -2060  -5572   -928   -705   -801
    880  -2048  -5612   -896   -632   -701
    864  -2228  -5348   -928   -571   -637
    516  -2244  -5176   -944   -516   -555
    740  -2420  -5336  -1008   -408   -510
    676  -2356  -5316   -944   -324   -517
    544  -2528  -5308   -944   -255   -488
    280  -2596  -5140   -928   -135   -483
    628  -2396  -5076   -896    -14   -525
    600  -2444  -5172   -944     24   -517
    600  -2200  -5336   -912    125   -517
    612  -2104  -5340   -928    173   -545
    856  -1988  -5484   -960    157   -440
    836  -1916  -5452   -944    159   -358
    860  -1876  -5224   -912    162   -288
    680  -1780  -5292   -960    137   -240
    604  -1836  -5352   -960    100   -267
    460  -1844  -5380   -896    -32   -314
    256  -1764  -5484   -960   -124   -363
    312  -1884  -5476   -976   -247   -407
    392  -1892  -5404   -944   -382   -484
    516  -1976  -5364   -960   -474   -582
    412  -2180  -5312   -960   -567   -678
    428  -2044  -5300   -912   -658   -767
    572  -2084  -5424   -912   -679   -770
    552  -1916  -5424   -928   -716   -728
    748  -2156  -5152   -944   -672   -690
   1024  -2064  -5380   -960   -581   -630
    876  -2236  -5304   -960   -519   -598
    792  -2324  -5360   -960   -437   -564
    612  -2296  -5316   -944   -343   -468
    684  -2372  -5516   -880   -273   -444
    540  -2540  -5164   -960   -125   -424
    584  -2560  -5348   -928    -50   -468
    612  -2468  -5216   -944      6   -547
    640  -2328  -5460   -928     71   -533
    616  -2196  -5068  -1024    140   -521
    792  -2108  -5476   -944    145   -463
    672  -2032  -5276   -976    157   -368
    848  -1912  -5208   -960    143   -342
    768  -1776  -5396   -944    127   -325
    604  -1824  -5468   -944    120   -330
    524  -1884  -5412   -944     25   -337
    544  -2088  -5416   -928    -85   -356
    568  -1972  -5320   -912   -205   -401
    340  -2088  -5480   -944   -327   -485
    336  -1988  -5220   -960   -450   -619
    320  -1912  -5200   -928   -527   -680
    516  -2128  -5280   -896   -627   -749
    576  -1916  -5232   -928   -689   -715
    548  -2112  -5356   -960   -679   -685
    708  -2004  -5528   -960   -658   -701
    732  -2116  -5416   -944   -630   -618
    788  -2080  -5492   -976   -557   -596
    780  -2076  -5312   -928   -478   -538
    756  -2256  -5472   -976   -377   -459
    724  -2512  -5500   -912   -322   -419
    612  -2464  -5192   -976   -212   -386
    392  -2416  -5396   -960    -83   -428
    560  -2448  -5280  -1008     17   -498
    704  -2436  -5332   -912     41   -502
    604  -2340  -5520   -928    100   -511
    652  -2140  -5492   -960    141   -431
    716  -2016  -5396   -960    141   -402
    672  -1832  -5512   -960    179   -382
    764  -1860  -5280   -992    170   -364
    676  -2056  -5444   -960     83   -332
    392  -1916  -5348  -1008     38   -357
    388  -1932  -5320   -992    -67   -349
    456  -2000  -5244   -944   -183   -401
    284  -2036  -5512   -944   -278   -502
    352  -2104  -5336   -960   -368   -577
    300  -2016  -5472   -944   -485   -654
    508  -2052  -5068   -960   -579   -731
    452  -2116  -5372   -928   -642   -750
    692  -2024  -5428   -928   -648   -715
    804  -1924  -5376   -944   -646   -713
    892  -2084  -5348   -992   -601   -667
    716  -2160  -5376   -960   -543   -598
    804  -2164  -5452   -960   -481   -493
    848  -2328  -5288   -928   -405   -464
    776  -2312  -5360   -992   -312   -410
    484  -2348  -5376   -976   -233   -429
    472  -2432  -5228   -928   -112   -415
    580  -2432  -5216   -928    -69   -450
    500  -2528  -5244   -944     20   -471
    632  -2400  -5300   -992     63   -435
    732  -2316  -5388   -992    119   -468
    604  -2008  -5260   -944    130   -433
    656  -1924  -5484   -976    166   -403
    768  -1868  -5420   -960     93   -390
    624  -1860  -5628   -912     95   -374
    772  -1788  -5280   -976     77   -381
    396  -1884  -5240   -976    -40   -394
    420  -1928  -5396   -976   -144   -433
    336  -1996  -5440   -976   -259   -495
    348  -2008  -5252   -944   -338   -598
    396  -2168  -5512   -960   -469   -656
    484  -2060  -5300   -960   -530   -692
    636  -2072  -5448   -976   -596   -728
    732  -2012  -5336   -928   -636   -766
    780  -1964  -5376   -992   -637   -762
    772  -2108  -5284   -960   -632   -701
    840  -2160  -5424   -976   -574   -634
    884  -2168  -5352   -928   -487   -517
    796  -2172  -5548   -928   -460   -467
    680  -2392  -5292   -976   -317   -422
    824  -2360  -5324   -944   -246   -439
    680  -2404  -5296   -992   -178   -407
    440  -2320  -5372   -976    -81   -394
    568  -2468  -5084   -976    -12   -410
    336  -2280  -5228   -944     44   -421
    580  -2248  -5264   -960     87   -474
    660  -2028  -5332  -1008    122   -429
    816  -1904  -5192   -992    123   -391
    532  -1888  -5324   -960    125   -373
    624  -1848  -5300   -992     88   -352
    712  -1956  -5532   -944     49   -348
    636  -2012  -5308   -992    -23   -398
    468  -1948  -5340   -960   -101   -447
    500  -2008  -5484   -976   -199   -498
    308  -2168  -5336  -1008   -313   -565
    500  -2016  -5604   -960   -412   -644
    484  -1984  -5300   -992   -487   -695
    540  -1900  -5368   -976   -567   -745
    656  -2028  -5448   -944   -595   -772
    812  -1868  -5512   -976   -600   -773
    928  -1896  -5404  -1024   -614   -724
    660  -2036  -5444  -1008   -582   -598
    876  -2244  -5192   -944   -514   -582
    948  -2284  -5256   -944   -417   -521
    648  -2300  -5328   -960   -370   -447
    692  -2320  -5212   -992   -263   -384
    664  -2464  -5276   -992   -228   -395
    472  -2460  -5392   -944   -111   -363
    372  -2396  -5508   -928    -54   -404
    580  -2404  -5212   -992     20   -438
    708  -2352  -5308   -896     56   -435
    644  -2112  -5264   -960     82   -440
    720  -2056  -5296   -928    129   -392
    604  -1944  -5268   -960    133   -395
    668  -1956  -5304   -976    104   -359
    612  -1764  -5388   -976     57   -350
    516  -1820  -5376   -976      7   -358
    492  -1908  -5540   -960   -122   -416
    372  -1936  -5308   -976   -165   -500
    496  -1964  -5504   -944   -261   -541
    540  -2048  -5412  -1024   -393   -596
    500  -2000  -5424   -960   -483   -715
    508  -2044  -5436   -960   -512   -747
    532  -2100  -5312   -976   -550   -817
    712  -2000  -5564  -1024   -610   -765
    836  -2140  -5424   -992   -614   -710
    936  -2060  -5412   -992   -552   -672
    708  -2036  -5300   -976   -497   -599
    760  -2248  -5344   -976   -461   -534
    808  -2140  -5500   -960   -403   -471
    688  -2308  -5444   -960   -282   -397
    564  -2392  -5456  -1008   -215   -383
    532  -2380  -5280   -976   -134   -381
    636  -2288  -5608   -960    -44   -369
    572  -2392  -5208   -960    -20   -419
    636  -2316  -5640   -976     63   -411
    684  -2208  -5584   -976     91   -420
    600  -1988  -5548   -992     85   -383
    636  -1996  -5456   -960     76   -335
    592  -2092  -5344   -992     88   -322
    588  -1800  -5540   -992     53   -371
    532  -1860  -5480   -976    -10   -346
    572  -1948  -5328   -960    -72   -386
    408  -1952  -5432   -976   -166   -466
    416  -1980  -5320   -976   -266   -494
    436  -2064  -5208   -960   -352   -623
    368  -2032  -5100   -928   -385   -675
    360  -2204  -5308  -1024   -505   -741
    488  -1992  -5416  -1024   -557   -769
    512  -2080  -5292   -992   -601   -796
    680  -2060  -5520   -976   -592   -754
    680  -2052  -5304   -944   -546   -697
    696  -2156  -5480   -928   -477   -651
    708  -2212  -5316  -1024   -433   -566
    732  -2120  -5192   -960   -389   -495
    816  -2308  -5316   -992   -318   -414
    608  -2316  -5356   -992   -234   -373
    436  -2308  -5364   -944   -146   -373
    640  -2400  -5520   -944    -76   -391
    576  -2340  -5356   -992    -27   -402
    528  -2424  -5488   -976      4   -420
    628  -2320  -5232   -976     76   -390
    552  -2060  -5272  -1056     88   -409
    516  -2028  -5260   -960     79   -341
    608  -1912  -5200   -944     58   -368
    776  -1724  -5396   -992     33   -373
    652  -1972  -5400  -1024    -31   -354
    424  -1908  -5340   -976    -76   -373
    712  -1936  -5784   -976   -198   -484
    296  -1904  -5104  -1040   -261   -477
    348  -2008  -5264  -1008   -306   -560
    388  -2172  -5300   -960   -424   -616
    384  -2004  -5340   -992   -475   -757
    652  -2004  -5448   -992   -536   -745
    624  -1940  -5316   -960   -591   -801
    708  -1872  -5520   -960   -572   -777
    816  -2012  -5244   -960   -557   -731
    916  -1976  -5360  -1008   -503   -639
    888  -2180  -5320   -976   -463   -611
    744  -2064  -5568  -1008   -404   -572
    668  -2280  -5280  -1008   -340   -474
    608  -2476  -5452  -1024   -257   -437
    760  -2248  -5476   -992   -184   -418
    720  -2504  -5424   -944   -107   -365
    620  -2364  -5476  -1024    -20   -370
    632  -2312  -5484   -960     42   -423
    536  -2180  -5172  -1056     14   -420
    648  -2036  -5440   -960     44   -398
    520  -1928  -5368   -992     68   -392
    672  -1828  -5376   -992     51   -379
    596  -1856  -5484  -1040     28   -350