    660  -2008  -5384  -1168   -238   -523
    528  -2024  -5544  -1168   -259   -544
    620  -2176  -5520  -1168   -257   -519
    628  -1960  -5532  -1184   -223   -487
    504  -1960  -5444  -1168   -255   -482
    540  -2080  -5316  -1200   -246   -495
    740  -1944  -5352  -1168   -253   -500
    696  -2108  -5140  -1152   -288   -501
    748  -2028  -5444  -1200   -262   -459
    504  -2060  -5584  -1120   -242   -472
    600  -2108  -5380  -1184   -246   -484
    656  -2008  -5308  -1136   -208   -516
    640  -2060  -5392  -1152   -221   -492
    532  -2120  -5384  -1120   -251   -523
    596  -2088  -5388  -1152   -198   -501
    712  -2084  -5300  -1136   -221   -523
    672  -1920  -5512  -1120   -213   -513
    772  -2072  -5456  -1136   -200   -521
    712  -2108  -5440  -1136   -215   -518
    616  -1936  -5496  -1184   -235   -486
    532  -2152  -5228  -1168   -232   -526
    700  -2068  -5348  -1184   -246   -522
    652  -2040  -5456  -1152   -203   -536
    584  -1996  -5424  -1136   -186   -560
    632  -2032  -5524  -1136   -234   -573
    432  -2372  -5244  -1168   -168   -677
    360  -2664  -5388  -1168   -140   -826
    184  -2612  -4940  -1216   -137  -1017
    300  -2444  -5872  -1120   -503  -1052
    -28  -1692  -4816  -1152    -38   -834
   1152  -1132  -5000  -1152   -145   -814
   1272  -1716  -5264  -1136   -265   -659
   1108  -1240  -5084  -1168    -14   -587
   1192  -1496  -5732  -1136    -37   -302
    988  -1348  -5164  -1168   -105    -17
    704  -2048  -5592  -1120    -89    157
    384  -2192  -5224  -1152     18     -4
    356  -2832  -4940  -1184   -163   -296
   -144  -2748  -5480  -1184   -214   -443
    184  -2652  -5308  -1168   -247   -656
     28  -2608  -5260  -1216   -509   -784
     -8  -1828  -5296  -1168   -200   -890
    608  -1768  -5300  -1136   -426  -1094
    796  -1788  -5244  -1168   -552   -971
   1092  -1428  -5464  -1168   -260   -664
   1164  -1548  -5504  -1184   -346   -487
   1160  -1544  -5400  -1216   -324   -298
    928  -1880  -5440  -1168    -80   -176
   1532  -2284  -5440  -1152   -285   -147
    304  -2392  -5388  -1200   -284    -99
    284  -2640  -5360  -1168   -134   -161
    216  -2692  -5012  -1184   -260   -382
    128  -2828  -5252  -1168   -317   -593
    320  -2660  -5336  -1184   -192   -934
    444  -2320  -5440  -1152   -254  -1081
    576  -1880  -5260  -1168   -222   -885
   1144  -2000  -5524  -1184   -228   -630
   1212  -1624  -5504  -1200   -241   -512
   1200  -1516  -5332  -1232   -134   -449
   1068  -1692  -5552  -1168     -9   -343
    996  -1840  -5440  -1136    -30    -64
     80  -1856  -5424  -1152   -137     79
    200  -2592  -5312  -1152   -164      4
    324  -2144  -4420  -1152    -56   -263
    -40  -2716  -5120  -1152   -186   -502
     76  -2636  -5344  -1136   -308   -737
     52  -2340  -5404  -1200   -400   -898
    220  -2204  -5308  -1216   -315   -903
    612  -1736  -5192  -1200   -451   -928
    820  -1844  -5312  -1216   -466   -822
   1136  -1464  -5424  -1152   -316   -703
   1016  -1632  -5400  -1200   -306   -559
    956  -1644  -5620  -1168   -292   -327
    672  -2040  -5568  -1232   -251   -153
    244  -2024  -5292  -1184   -234      0
    204  -2572  -5292  -1184   -238   -154
    272  -2244  -5228  -1168   -110   -379
    116  -2756  -5204  -1168   -208   -454
    132  -2764  -5320  -1232   -331   -638
    212  -2448  -5548  -1184   -256   -801
    528  -2312  -5416  -1184   -176   -919
    712  -1912  -5512  -1168   -174   -917
   1048  -1688  -5144  -1168   -269   -667
   1100  -1532  -5336  -1168   -111   -570
   1116  -1436  -5532  -1200   -159   -361
    984  -1808  -5528  -1216    -99   -170
     48  -1736  -5644  -1184    -67    -87
    456  -1892  -5160  -1200    -90    -49
    124  -2272  -5192  -1168   -218   -145
    108  -2396  -5548  -1216   -114   -424
     20  -2548  -5472  -1168   -268   -483
    172  -2556  -5112  -1184   -333   -662
    172  -2456  -5332  -1248   -376   -899
    608  -2248  -5536  -1152   -389   -980
    744  -1908  -5428  -1168   -383   -930
    808  -1736  -5708  -1200   -463   -690
   1160  -1588  -5380  -1168   -344   -584
   1128  -1740  -5228  -1120   -321   -450
   1000  -1824  -5404  -1168   -216   -360
    412  -2012  -5388  -1152   -200   -200
    616  -2108  -5360  -1200   -210   -106
    284  -2508  -5224  -1168   -206   -168
    172  -2396  -5180  -1200   -149   -412
    200  -2640  -5216  -1216   -199   -495
    188  -2468  -5312  -1168   -227   -749
    104  -2376  -5500  -1200   -260   -819
    464  -2292  -5560  -1168   -271   -823
   1000  -1812  -5376  -1168   -171   -772
   1036  -1772  -5504  -1184   -292   -591
    992  -1544  -5352  -1216   -129   -527
   1060  -1484  -5340  -1168   -102   -391
    864  -1712  -5616  -1216   -105   -230
    560  -2040  -5468  -1200    -95    -38
    616  -2156  -5180  -1200    -92    -81
     64  -2260  -5208  -1248   -178   -300
    212  -2476  -4924  -1152   -128   -475
      0  -2540  -5344  -1200   -322   -630
    148  -2428  -5296  -1216   -393   -673
    244  -2180  -5012  -1184   -298   -832
    580  -2084  -5380  -1168   -423   -954
    568  -1840  -5228  -1184   -407   -933
    876  -1860  -5512  -1152   -397   -737
   1196  -1724  -5764  -1152   -309   -592
   1136  -1740  -5368  -1168   -272   -413
    856  -1824  -5576  -1232   -232   -246
    536  -2128  -5432  -1120   -231   -187
    624  -2344  -5432  -1216   -149   -189
    356  -2592  -5280  -1184   -215   -277
    132  -2488  -5164  -1168   -141   -518
     56  -2564  -5380  -1200   -228   -523
    316  -2496  -5412  -1168   -240   -635
    320  -2364  -5236  -1168   -221   -790
    664  -2220  -5396  -1216   -197   -877
    536  -1856  -5528  -1184   -233   -754
    992  -1768  -5500  -1200   -217   -607
   1036  -1688  -5396  -1168   -138   -489
    952  -1636  -5372  -1200   -148   -312
    876  -1972  -5456  -1184    -69   -231
    584  -2028  -5416  -1216   -154   -161
    568  -2212  -5220  -1184   -141   -189
    208  -2184  -5044  -1168   -217   -317
    224  -2496  -5340  -1216   -226   -519
     40  -2524  -5084  -1168   -335   -593
    240  -2428  -5264  -1216   -393   -739
    424  -2348  -5560  -1232   -344   -857
   1056  -2064  -5324  -1232   -356   -921
    908  -2012  -5196  -1232   -359   -806
   1028  -1864  -5456  -1184   -377   -633
   1020  -1664  -5444  -1216   -298   -523
   1076  -1728  -5352  -1168   -275   -410
    732  -1968  -5572  -1200   -192   -192
    796  -2180  -5204  -1216   -261   -147
    552  -2352  -5424  -1184   -205   -181
    332  -2584  -5284  -1184   -179   -345
    392  -2532  -5380  -1216   -197   -487
    276  -2600  -5292  -1216   -223   -560
    284  -2376  -5232  -1200   -260   -634
    564  -2336  -5504  -1216   -201   -753
    772  -2032  -5648  -1200   -172   -749
    888  -1964  -5448  -1168   -245   -736
   1004  -1672  -5428  -1232   -215   -606
    904  -1692  -5600  -1184   -140   -446
    856  -1596  -5408  -1152   -143   -248
    504  -1864  -5448  -1152   -148   -149
    476  -2024  -5068  -1200   -148   -143
    308  -2344  -5124  -1168   -261   -287
    144  -2576  -5296  -1200   -238   -442
    220  -2596  -5520  -1184   -313   -621
    120  -2624  -5284  -1216   -393   -620
     64  -2288  -5180  -1136   -317   -719
    568  -2300  -5336  -1200   -398   -842
    680  -1888  -5316  -1232   -406   -874
    960  -1928  -5388  -1168   -441   -775
   1072  -1736  -5484  -1184   -313   -651
   1116  -1772  -5364  -1216   -310   -527
   1072  -1900  -5268  -1200   -221   -356
    836  -2056  -5428  -1200   -200   -244
    524  -2184  -5260  -1200   -204   -141
    360  -2416  -5240  -1216   -181   -275
    416  -2612  -5052  -1184   -190   -388
    140  -2616  -5224  -1184   -193   -501
    296  -2624  -5404  -1200   -203   -561
    464  -2268  -5064  -1200   -176   -665
    592  -2220  -5204  -1200   -191   -731
    632  -2128  -5428  -1216   -191   -736
   1132  -1900  -5372  -1200   -225   -668
   1016  -1820  -5464  -1216   -181   -522
    896  -1724  -5472  -1232   -126   -413
    984  -1940  -5392  -1168   -159   -281
    676  -2060  -5432  -1248   -143   -207
    528  -2112  -5336  -1200   -159   -204
    456  -2324  -5084  -1184   -268   -353
    132  -2380  -5300  -1184   -283   -470
    364  -2460  -5364  -1216   -294   -599
    280  -2364  -5344  -1200   -368   -668
    216  -2236  -5272  -1200   -410   -738
    588  -2148  -5296  -1216   -347   -796
    756  -1876  -5276  -1216   -371   -791
    988  -1760  -5312  -1200   -322   -762
    936  -1828  -5336  -1216   -262   -598
    984  -1940  -5340  -1232   -313   -438
    928  -1924  -5500  -1200   -185   -338
    864  -1976  -5172  -1248   -239   -223
    460  -2312  -5284  -1184   -173   -203
    456  -2364  -5012  -1184   -114   -308
    260  -2572  -5400  -1200   -170   -462
    256  -2700  -5148  -1216   -161   -507
    408  -2224  -5388  -1232   -179   -604
    444  -2220  -5508  -1232   -226   -631
    588  -2020  -5272  -1184   -206   -678
    844  -1868  -5392  -1216   -165   -705
    852  -1752  -5340  -1232   -193   -667
   1000  -1708  -5340  -1168   -174   -526
    908  -1888  -5380  -1264   -138   -402
    868  -1920  -5424  -1200   -171   -310
    712  -1816  -5304  -1216   -174   -262
    580  -2168  -5220  -1216   -201   -280
    452  -2288  -5332  -1216   -256   -429
    160  -2356  -5472  -1216   -312   -515
    184  -2400  -5184  -1168   -349   -578
    380  -2324  -5216  -1232   -335   -652
    352  -2296  -5520  -1248   -381   -753
    568  -2060  -5320  -1216   -421   -777
    868  -2056  -5420  -1200   -371   -785
    732  -2012  -5392  -1200   -347   -691
    888  -1784  -5264  -1216   -287   -562
    840  -1768  -5596  -1200   -258   -371
    868  -1868  -5256  -1200   -203   -324
    696  -1936  -5288  -1216   -177   -233
    576  -2332  -5316  -1248   -138   -272
    340  -2492  -5272  -1216   -175   -357
    364  -2576  -5348  -1184   -186   -448
    212  -2484  -5316  -1200   -138   -504
    336  -2424  -5268  -1184   -200   -600
    392  -2160  -5232  -1216   -227   -664
    628  -1956  -5376  -1200   -170   -702
    756  -1952  -5480  -1264   -245   -683
    908  -1756  -5360  -1184   -208   -580
    900  -1868  -5432  -1248   -170   -472
    812  -1896  -5200  -1264   -191   -371
    540  -1868  -5592  -1184   -189   -310
    756  -2048  -5328  -1232   -228   -260
    476  -2188  -5112  -1168   -235   -364
    276  -2412  -5228  -1216   -288   -389
    448  -2456  -5284  -1200   -313   -494
    444  -2444  -5244  -1248   -301   -569
    324  -2264  -5464  -1184   -381   -691
    616  -2352  -5300  -1216   -388   -754
    640  -2164  -5508  -1200   -364   -778
    748  -1964  -5612  -1216   -356   -719
   1076  -1760  -5392  -1232   -291   -591
    884  -1860  -5184  -1216   -275   -465
    920  -1996  -5552  -1216   -219   -368
    904  -2052  -5480  -1216   -184   -328
    692  -2068  -5528  -1232   -204   -296
    596  -2280  -5168  -1232   -162   -295
    472  -2456  -5396  -1296   -172   -421
    444  -2384  -5324  -1280   -185   -463
    440  -2388  -5276  -1248   -164   -575
    260  -2272  -5380  -1232   -221   -660
    528  -2144  -5624  -1248   -218   -624
    784  -2072  -5448  -1216   -212   -674
    768  -1828  -5376  -1200   -238   -636
    948  -1828  -5460  -1216   -210   -482
    972  -1800  -5408  -1232   -180   -462
    708  -1924  -5388  -1232   -207   -385
    824  -2004  -5404  -1200   -188   -311
    600  -2028  -5352  -1264   -254   -336
    488  -2328  -5280  -1216   -272   -362
    356  -2392  -5316  -1216   -287   -436
    464  -2320  -5476  -1200   -337   -580
    348  -2412  -5300  -1216   -331   -636
    404  -2196  -5276  -1216   -368   -716
    648  -2192  -5460  -1216   -383   -768
    660  -2216  -5580  -1184   -319   -723
    972  -1936  -5320  -1216   -294   -666
    788  -1800  -5468  -1184   -280   -563
   1032  -1980  -5412  -1216   -240   -468
    904  -2072  -5148  -1216   -188   -362
    756  -1984  -5364  -1232   -143   -296
    456  -2136  -5416  -1264   -142   -298
    592  -2372  -5468  -1216   -153   -337
    336  -2328  -5260  -1232   -195   -426
    324  -2368  -5408  -1248   -161   -519
    476  -2472  -5404  -1200   -193   -563
    404  -2400  -5256  -1184   -199   -615
    488  -2220  -5204  -1216   -203   -631
    784  -1936  -5516  -1248   -228   -639
    908  -1760  -5464  -1232   -216   -577
    892  -1908  -5312  -1280   -234   -500
    824  -1896  -5440  -1200   -219   -487
    872  -2012  -5460  -1200   -233   -357
    656  -1892  -5448  -1216   -243   -312
    340  -2212  -5384  -1248   -225   -337
    396  -2396  -5292  -1216   -285   -381
    280  -2316  -5336  -1216   -337   -474
    304  -2256  -5308  -1248   -314   -581
    328  -2316  -5212  -1248   -344   -636
    452  -2296  -5384  -1216   -361   -703
    492  -2096  -5224  -1232   -349   -717
    612  -1944  -5328  -1200   -349   -694
    912  -2016  -5120  -1248   -285   -606
    920  -2168  -5324  -1232   -264   -534
    944  -1888  -5464  -1248   -249   -437
    872  -2044  -5404  -1184   -193   -328
    520  -2132  -5552  -1200   -144   -307
    724  -2296  -5256  -1200   -162   -340
    548  -2232  -5280  -1216   -181   -370
    508  -2412  -5256  -1232   -133   -425
    416  -2436  -5264  -1200   -149   -512
    432  -2176  -5220  -1200   -187   -529
    424  -2160  -5400  -1264   -178   -661
    532  -2116  -5368  -1280   -229   -652
    688  -1956  -5496  -1248   -205   -633
    888  -1872  -5316  -1232   -202   -516
    928  -1748  -5636  -1216   -241   -485
    804  -1924  -5232  -1200   -239   -395
    672  -1984  -5548  -1232   -201   -360
    680  -2076  -5344  -1232   -285   -375
    448  -2244  -5392  -1264   -292   -389
    292  -2264  -5304  -1264   -290   -409
    524  -2416  -5368  -1248   -340   -498
    560  -2276  -5032  -1200   -313   -595
    432  -2300  -5180  -1248   -366   -689
    640  -2264  -5364  -1216   -388   -658
    752  -2068  -5408  -1248   -305   -694
    704  -2056  -5304  -1248   -324   -652
    964  -1972  -5604  -1200   -259   -540
   1008  -1824  -5504  -1200   -219   -493
    816  -2048  -5144  -1264   -203   -404
    728  -2020  -5360  -1232   -144   -366
    736  -2216  -5492  -1248   -185   -319
    416  -2180  -5384  -1184   -144   -350
    460  -2436  -5236  -1232   -171   -402
    396  -2272  -5112  -1280   -146   -537
    284  -2404  -5240  -1216   -173   -563
    444  -2256  -5220  -1264   -183   -608
    512  -2016  -5424  -1296   -178   -646
    708  -1940  -5276  -1232   -217   -609
    760  -1892  -5520  -1232   -228   -563
    624  -1824  -5484  -1248   -238   -515
   1016  -1788  -5416  -1248   -237   -446
    828  -1900  -5264  -1248   -221   -422
    616  -2124  -5340  -1248   -239   -386
    480  -2120  -5460  -1248   -295   -381
    472  -2284  -5224  -1248   -307   -398
    468  -2368  -5496  -1232   -316   -455
    544  -2284  -5120  -1264   -368   -541
    424  -2240  -5160  -1232   -319   -624
    420  -2316  -5292  -1216   -368   -675
    604  -2168  -5348  -1248   -313   -690
    980  -1860  -5208  -1216   -304   -688
    688  -1904  -5332  -1248   -304   -588
    712  -1996  -5352  -1232   -249   -570
    828  -2004  -5484  -1248   -234   -485
    852  -1956  -5148  -1232   -181   -385
    540  -2192  -5340  -1248   -163   -321
    668  -2148  -5204  -1216   -147   -300
    356  -2300  -5312  -1264   -195   -388
    336  -2280  -5248  -1248   -178   -406
    604  -2240  -5164  -1248   -118   -528
    568  -2292  -5436  -1200   -206   -616
    596  -2192  -5284  -1248   -226   -646
    420  -2156  -5564  -1216   -239   -586
    752  -1912  -5344  -1216   -212   -601
    740  -1912  -5268  -1216   -221   -589
    860  -1920  -5360  -1264   -212   -547
    832  -2008  -5516  -1232   -263   -428
    620  -2024  -5468  -1232   -264   -430
    796  -1880  -5412  -1248   -281   -338
    592  -2244  -5536  -1200   -282   -359
    580  -2196  -5272  -1216   -278   -423
    468  -2328  -5408  -1200   -359   -558
    440  -2308  -5316  -1248   -342   -565
    484  -2320  -5304  -1248   -320   -659
    380  -1452  -6736  -1216   -428   -828
   -224  -1056  -6804  -1232   -282   -878
   1332  -2440  -7080  -1264   -284   -752
   2536  -2180  -4896  -1232   -236   -587
    232    756  -5060  -1280    -92   -739
    636  -1400  -6788  -1248   -318   -385
    164  -1892  -4820  -1264     -9   -304
   -248  -2432  -5516  -1200   -251   -329
    868  -2544  -5120  -1248   -173   -303
    568  -2016  -5412  -1280    -91   -530
     -8  -1564  -5760  -1232   -172   -546
    568  -2240  -5164  -1232   -187   -461
    404  -2388  -5012  -1248   -207   -549
    524  -2216  -5524  -1232   -255   -590
    936  -1916  -5300  -1280   -263   -575
    628  -1812  -5184  -1280   -202   -693
    612  -1948  -5676  -1264   -300   -540
    952  -2140  -5368  -1264   -241   -429
    672  -1856  -5588  -1248   -302   -484
    704  -2016  -5452  -1280   -312   -358
    728  -2232  -5084  -1200   -230   -387
    312  -2256  -5508  -1264   -293   -473
    616  -2328  -5568  -1264   -338   -482
    540  -2156  -5212  -1296   -291   -515
    332  -2320  -5564  -1248   -373   -559
    520  -2240  -5140  -1216   -304   -616
    708  -2228  -5400  -1312   -301   -648
    544  -2152  -5496  -1264   -325   -702
    948  -2100  -5232  -1280   -241   -574
    756  -1916  -5388  -1248   -245   -517
    780  -1820  -5512  -1200   -209   -414
    852  -2112  -5284  -1296   -191   -360
    604  -1988  -5552  -1248   -186   -389
    472  -2040  -5524  -1248   -128   -372
    604  -2252  -5556  -1216    -88   -413
    312  -2368  -5340  -1248   -131   -459
    528  -2192  -5336  -1264   -172   -444
    504  -2228  -5168  -1232   -181   -547
    544  -2212  -5268  -1280   -212   -629
    708  -2036  -5424  -1232   -220   -637
    596  -1960  -5360  -1232   -215   -633
    840  -1848  -5524  -1248   -296   -568
    744  -2080  -5164  -1280   -265   -462
    696  -1896  -5340  -1248   -245   -454
    632  -1848  -5532  -1216   -225   -403
    632  -2148  -5512  -1264   -245   -432
    532  -2148  -5236  -1280   -308   -421
    516  -2252  -5304  -1264   -293   -405
    376  -2288  -5216  -1264   -315   -481
    280  -2280  -5172  -1248   -320   -539
    620  -2336  -5356  -1296   -325   -605
    552  -2176  -5256  -1248   -283   -707
    560  -2156  -5608  -1248   -318   -649
    652  -2140  -5440  -1312   -225   -589
    800  -1856  -5384  -1280   -269   -540
    792  -1920  -5284  -1232   -241   -448
    800  -2032  -5312  -1264   -197   -417
    736  -2032  -5156  -1264   -178   -420
    768  -2072  -5412  -1232   -148   -335
    528  -2088  -5400  -1280   -133   -379
    488  -2220  -5360  -1280   -150   -379
    580  -2320  -5480  -1280   -147   -443
    288  -2284  -5148  -1280   -165   -537
    508  -2272  -5076  -1264   -187   -661
    668  -2140  -5392  -1296   -242   -646
    608  -1948  -5320  -1264   -214   -608
    820  -2056  -5492  -1248   -236   -528
    648  -1984  -5480  -1248   -267   -520
    704  -1924  -5144  -1216   -312   -512
    768  -2024  -5384  -1296   -264   -487
    696  -2028  -5416  -1264   -283   -467
    692  -2120  -5608  -1280   -257   -384
    524  -2040  -5308  -1248   -320   -380
    468  -2388  -5400  -1280   -311   -449
    532  -2268  -5316  -1248   -296   -538
    524  -2324  -5244  -1264   -332   -637
    540  -2260  -5476  -1264   -327   -636
    540  -2184  -5508  -1280   -285   -637
    860  -2096  -5476  -1248   -315   -565
    760  -2044  -5356  -1312   -257   -514
    712  -2032  -5420  -1264   -220   -521
    844  -2112  -5372  -1232   -195   -466
    704  -2016  -5276  -1264   -165   -435
    664  -2180  -5348  -1200   -150   -385
    408  -2208  -5356  -1280   -132   -348
    528  -2292  -5464  -1248   -175   -389
    392  -2316  -5400  -1232   -143   -428
    564  -2192  -5492  -1280   -175   -545
    552  -2200  -5136  -1264   -192   -580
    668  -2128  -5288  -1232   -230   -581
    540  -2012  -5412  -1280   -206   -592
    892  -1964  -5476  -1280   -254   -555
    868  -1836  -5352  -1264   -271   -597
    740  -1892  -5536  -1280   -266   -546
    720  -2044  -5396  -1328   -253   -495
    768  -2072  -5176  -1296   -260   -467
    712  -2088  -5432  -1280   -279   -411
    708  -2144  -5392  -1232   -302   -380
    540  -2240  -5256  -1200   -302   -432
    536  -2404  -5360  -1248   -309   -522
    504  -2368  -5112  -1264   -348   -571
    500  -2272  -5312  -1312   -326   -614
    540  -2204  -5252  -1280   -293   -606
    636  -2228  -5508  -1232   -278   -617
    680  -2112  -5444  -1296   -252   -578
    780  -1992  -5392  -1312   -260   -572
    696  -2180  -5500  -1248   -195   -462
    836  -2100  -5544  -1280   -179   -425
    800  -2040  -5204  -1280   -182   -359
    688  -2212  -5508  -1264   -141   -367
    536  -2288  -5424  -1296   -104   -402
    544  -2248  -5344  -1280   -152   -467
    452  -2220  -5312  -1248   -123   -501
    456  -2252  -5468  -1280   -158   -559
    476  -2072  -5312  -1232   -179   -603
    532  -2004  -5208  -1264   -243   -556
    760  -2036  -5368  -1264   -218   -593
    704  -1880  -5468  -1264   -252   -585
    648  -1900  -5304  -1248   -269   -547
    768  -2000  -5360  -1216   -262   -463
    792  -1948  -5440  -1296   -271   -476
    592  -2008  -5536  -1264   -303   -420
    680  -2164  -5300  -1280   -298   -415
    460  -2172  -5272  -1296   -304   -454
    612  -2384  -5260  -1216   -294   -498
    520  -2244  -5392  -1280   -298   -544
    484  -2288  -5420  -1264   -316   -541
    440  -2252  -5328  -1296   -296   -598
    744  -2176  -5432  -1248   -319   -570
    668  -2104  -5408  -1248   -288   -603
    680  -2336  -5444  -1264   -263   -548
    620  -1968  -5116  -1232   -202   -498
    772  -2056  -5280  -1248   -231   -431
    740  -2020  -5360  -1232   -137   -420
    720  -2048  -5132  -1232   -115   -353
    600  -2056  -5116  -1280   -151   -414
    352  -2312  -5436  -1280   -150   -421
    452  -2160  -5180  -1264   -150   -446
    488  -2280  -5080  -1264   -179   -465
    432  -2132  -5284  -1248   -160   -563
    720  -2216  -5240  -1312   -210   -627
    640  -2084  -5336  -1280   -229   -649
    708  -1952  -5328  -1280   -279   -604
    800  -1992  -5408  -1296   -266   -533
    868  -1932  -5196  -1264   -275   -465
    788  -1948  -5456  -1248   -301   -453
    624  -2104  -5456  -1264   -299   -498
    588  -2028  -5248  -1232   -275   -477
    720  -2192  -5616  -1264   -294   -452
    464  -2328  -5196  -1296   -304   -427
    512  -2252  -5188  -1248   -299   -444
    628  -2296  -5040  -1216   -297   -495
    460  -2044  -5280  -1296   -241   -599
     -4  -1784  -5240  -1264   -158   -703
    860  -1580  -5004  -1296   -273   -543
    644  -1956  -4848  -1264   -200   -431
    624  -2140  -5540  -1248   -205   -501
    832  -1872  -5268  -1264   -160   -378
    488  -2124  -5956  -1248   -226   -463
    580  -2128  -4924  -1264   -175   -493
    948  -1920  -4840  -1248    -61   -394
    408  -2232  -5480  -1264   -166   -409
    384  -2112  -5456  -1264   -189   -431
    532  -2336  -5252  -1296   -169   -447
    612  -2296  -5188  -1328   -146   -599
    456  -2188  -5480  -1232   -217   -628
    608  -2164  -5528  -1264   -279   -610
    556  -1900  -5436  -1280   -266   -599
    856  -2096  -5556  -1280   -291   -507
    884  -2084  -5288  -1232   -259   -535
    704  -1944  -5632  -1280   -293   -476
    780  -2012  -5384  -1264   -280   -540
    780  -2108  -5436  -1296   -335   -435
    500  -2108  -5404  -1312   -297   -435
    664  -2016  -5376  -1248   -333   -377
    500  -2364  -5160  -1296   -313   -447
    320  -2312  -5036  -1296   -264   -508
    252  -2212  -5668  -1280   -315   -597
    344  -2000  -5116  -1312   -230   -694
    388  -2152  -5136  -1264   -296   -573
    744  -2128  -5648  -1248   -269   -513
    708  -2444  -5876  -1248   -275   -450
    520  -1972  -5352  -1296   -221   -536
    520  -2108  -5792  -1312   -250   -459
   1260  -2168  -5644  -1232   -172   -463
    448  -1924  -5632  -1248   -129   -391
    532  -2308  -5824  -1280   -196   -309
    568  -2092  -5320  -1296   -160   -332
    364  -2080  -5096  -1312   -155   -467
    608  -2112  -5168  -1296   -190   -556
    592  -2084  -5208  -1296   -226   -608
    620  -1704  -5328  -1312   -198   -629
     88  -1740  -4868  -1296   -158   -509
    556  -1896  -5176  -1280   -190   -595
    788  -2312  -5512  -1312   -280   -653
   1000  -1676  -5276  -1264   -249   -574
    304  -1812  -6516  -1296   -340   -427
    240  -2284  -5808  -1280   -337   -474
    448  -1548  -4384  -1232   -203   -434
    344  -2316  -6060  -1280   -358   -432
    472  -2176  -6052  -1280   -351   -579
    488  -1812  -4584  -1264   -169   -454
    572  -2196  -5108  -1296   -282   -600
    676  -2616  -5140  -1296   -321   -536
    684  -2352  -5284  -1232   -311   -562
    900  -2228  -5208  -1280   -279   -607
    664  -2364  -5476  -1216   -274   -531
   1016  -2096  -5036  -1312   -133   -437
    820  -2004  -5080  -1296   -189   -390
    784  -2124  -5304  -1296   -111   -379
    696  -2124  -5560  -1280   -194   -422
    476  -2060  -5188  -1248   -165   -338
    636  -2440  -5276  -1264    -72   -347
    488  -2304  -5140  -1248   -110   -448
    608  -2228  -5008  -1264   -240   -531
    532  -2232  -5200  -1264   -149   -605
    528  -2156  -5264  -1280   -223   -590
    580  -2300  -5500  -1232   -280   -560
    608  -1952  -5616  -1248   -258   -548
    588  -1860  -5240  -1280   -258   -616
    732  -2004  -5156  -1264   -240   -590
    668  -2032  -5416  -1248   -236   -555
    852  -2008  -5744  -1312   -352   -507
    504  -2192  -5336  -1312   -281   -430
    700  -2104  -5432  -1296   -250   -388