  -5820  -6844  -5696   -640   -710    565
  -5460  -6840  -5284   -640   -391    676
  -6472  -7868  -5400   -672   -562    723
  -2944  -7004  -3504   -656  -2105  -1675
  -3524  -5224  -4480   -592  -3731  -5255
  -4208  -4808  -6212   -624  -2792  -5547
  -4380  -4920  -6520   -624    -21  -2332
  -3796  -4976  -5888   -608   3148   1098
  -1948  -4760  -4636   -656   3340   1237
  -2368  -3792  -5224   -640   1305   -526
  -4140  -5064  -5620   -640   1435  -1332
  -4968  -5704  -6156   -704   3373   1313
  -4828  -6188  -5356   -672   3772   4638
  -3164  -5868  -3916   -656   2476   2895
  -4008  -5756  -4060   -624   -784  -1147
  -4964  -6040  -5172   -592  -3113  -2971
  -5304  -5552  -6080   -656  -2751  -1150
  -5116  -5304  -5764   -640  -1573   1532
  -3692  -4480  -4868   -608  -1457    578
  -3548  -3564  -4700   -672  -2610  -2563
  -4020  -3912  -5360   -656  -2534  -4002
  -5020  -4388  -6772   -656    126  -1479
  -4972  -4460  -6368   -624   1749   3043
  -4076  -5032  -4984   -624   1752   3740
  -4568  -5980  -3880   -640    499    676
  -5524  -6740  -4744   -592  -1096  -1447
  -6056  -7432  -5816   -608   -184  -1135
  -5868  -7216  -5624   -624    979    485
  -4984  -7124  -4516   -624   -122    182
  -4188  -6884  -3720   -656  -2186  -2951
  -4088  -6200  -4712   -672  -3731  -5371
  -4668  -5448  -6140   -640  -2598  -4161
  -3908  -4640  -6496   -640    156  -1135
  -2780  -4116  -5268   -608   2073     35
  -2476  -4104  -4900   -592   1652  -1278
  -2800  -4428  -5488   -656   1348  -2180
  -3856  -4400  -6628   -608   1523   -365
  -4204  -4812  -6108   -656   3075   2872
  -3916  -5308  -4964   -672   3180   4217
  -3624  -5948  -3980   -688    683   2294
  -4228  -6324  -4444   -672   -984  -1004
  -5028  -6136  -5488   -608  -1617  -1387
  -5136  -5588  -5744   -656  -1711    944
  -4532  -5184  -4840   -624  -1497   1654
  -4124  -5036  -4532   -656  -2923   -210
  -4108  -4796  -5132   -640  -3851  -2720
  -4696  -4640  -6008   -640  -2059  -3169
  -4792  -4176  -6092   -656    192   -322
  -4444  -4488  -5740   -640   2208   1875
  -4140  -5116  -4852   -656   1681   1474
  -4568  -5788  -4756   -624    300   -496
  -5564  -6384  -5276   -672     96  -1257
  -6612  -6820  -5272   -624   1724   1359
  -5488  -6828  -5144   -672   1458   1402
  -4808  -7304  -4292   -640    688   -762
  -4652  -6376  -4444   -672  -1595  -3753
  -4516  -6028  -5220   -624  -2861  -4841
  -4672  -5228  -5976   -624  -1622  -3094
  -3656  -4472  -5524   -656   -452   -541
  -3004  -4240  -5240   -624   -160   -514
  -2560  -4144  -4928   -656    495  -2841
  -3232  -3796  -5692   -624    202  -2712
  -3656  -4044  -6212   -640   1724    -84
  -3532  -4352  -5728   -672   2979   2899
  -3532  -5256  -4728   -656   1685   3684
  -3968  -5736  -4448   -656    114   1275
  -4600  -6140  -4940   -656   -910   -393
  -5212  -6324  -5656   -656  -1148    472
  -5140  -6348  -5616   -672   -222   1650
  -4840  -5888  -4880   -704  -1468   1284
  -4700  -6000  -4176   -672  -3370  -1062
  -4844  -5300  -5456   -656  -3323  -2933
  -4676  -4924  -6012   -656  -2125  -1825
  -4776  -4816  -5944   -672    509     60
  -4228  -5024  -5648   -720   1862    738
  -4208  -5172  -4972   -672   1140   -261
  -4668  -5572  -5208   -640    990  -1448
  -5088  -5760  -5520   -672   1366   -551
  -5272  -6192  -5508   -656   1891   1188
  -4796  -6244  -4876   -656   1983   1087
  -4640  -6700  -4360   -656    422  -1360
  -4520  -6368  -4380   -688  -1261  -3638
  -4532  -5760  -5244   -688  -1865  -3718
  -4540  -5140  -5720   -688  -1199  -1738
  -3760  -4836  -5092   -640   -980   -751
  -2972  -4212  -4936   -672  -1422  -1714
  -3048  -4240  -5480   -672  -1226  -3066
  -3256  -3784  -5792   -656   -167  -2193
  -3552  -4220  -6516   -624   1623    348
  -3524  -4628  -5460   -688   1903   2471
  -3464  -5256  -4792   -688    883   2239
  -4184  -5868  -4676   -720   -391    723
  -4632  -6188  -5456   -656   -713    474
  -5184  -6548  -5540   -640   -108   1550
  -5140  -6728  -4784   -656    -12   1918
  -4784  -6356  -4716   -640  -1446    442
  -4752  -6196  -4628   -688  -2743  -1786
  -5116  -5868  -5564   -704  -2768  -2364
  -5080  -5352  -6020   -656  -1278   -984
  -4468  -5076  -5980   -704    700    -32
  -4040  -4892  -5140   -672   1100   -290
  -4060  -5048  -5152   -704    971  -1551
  -4788  -4948  -5548   -608   1558  -1631
  -4956  -5384  -5804   -688   1944    289
  -4836  -5844  -5304   -672   2524   1406
  -4460  -5872  -4528   -656   1679    591
  -4500  -6204  -4920   -688    231  -1711
  -4712  -5956  -5112   -672   -840  -2881
  -4552  -5780  -5412   -656   -928  -1967
  -4296  -5480  -5172   -672   -985   -773
  -3664  -5136  -4924   -624  -1770   -983
  -3452  -4268  -5144   -624  -2599  -2304
  -3496  -4468  -5612   -704  -2119  -2810
  -3480  -4060  -6136   -704   -512  -1244
  -3864  -4560  -6124   -672    965    638
  -3320  -4776  -5308   -688    974   1510
  -3732  -5224  -4724   -688     56    948
  -4296  -5908  -5208   -672   -326    505
  -4812  -6260  -5584   -656    132   1263
  -5156  -6840  -5268   -672    538   2123
  -5040  -6816  -4664   -688    234   1389
  -4844  -6456  -4232   -688  -1210   -420
  -4920  -6504  -4848   -736  -2113  -1924
  -5376  -6016  -5416   -688  -1668  -1572
  -4996  -5420  -5884   -608   -549   -477
  -4376  -5120  -5268   -704    412   -505
  -4244  -4792  -5116   -672    738  -1696
  -4112  -4492  -5428   -656    781  -2058
  -4424  -4680  -5880   -624   1890  -1191
  -4460  -4728  -5628   -656   2503    699
  -4420  -5248  -4972   -736   2173   1268
  -4340  -5536  -4756   -704   1182   -176
  -4468  -5608  -4912   -688   -103  -1509
  -4860  -5788  -5460   -688   -472  -1569
  -4500  -5612  -5400   -656   -482   -653
  -4052  -5516  -4584   -736  -1643   -464
  -3880  -5256  -4716   -704  -2493  -1643
  -3716  -4972  -5288   -672  -3154  -2552
  -3944  -4556  -5744   -688  -2646  -1924
  -3700  -4736  -5816   -672   -563   -532
  -3696  -4928  -5312   -688    323    508
  -3532  -5188  -5156   -672     64    486
  -3848  -5664  -5368   -688    -13    -67
  -4692  -5976  -5584   -704     41    641
  -4936  -6556  -5272   -688    898   1782
  -4912  -6796  -5172   -704   1203   1934
  -4976  -7048  -4564   -752    188    596
  -4824  -6784  -4732   -672   -767  -1336
  -5096  -6392  -5132   -688  -1005  -1932
  -4972  -5960  -5488   -656   -812   -927
  -4720  -5644  -5436   -704    -41   -545
  -4200  -4984  -5092   -704     -4  -1272
  -4056  -4688  -5284   -704    228  -2392
  -4184  -4276  -5784   -688    969  -2172
  -4272  -4208  -6008   -672   1819   -442
  -4284  -4528  -5404   -656   2294    903
  -3940  -4780  -4904   -640   1598    713
  -4072  -4984  -5016   -656    370   -325
  -4480  -5396  -5276   -688   -121   -899
  -4656  -5564  -5468   -736    -73   -245
  -4480  -5636  -5212   -656   -687    365
  -4224  -5572  -4792   -672  -1691   -465
  -3948  -5224  -4912   -768  -3115  -1750
  -4336  -5268  -5484   -656  -3496  -2047
  -4260  -5060  -6132   -672  -2205  -1289
  -3984  -5120  -5772   -688   -864   -117
  -3692  -5164  -5356   -704   -312    -35
  -3808  -5272  -5116   -720   -114   -703
  -4320  -5676  -5396   -720     49   -439
  -4752  -6032  -5656   -640    835    765
  -4692  -6284  -5320   -720   1640   1746
  -4604  -6612  -4864   -640   1287   1364
  -4868  -6824  -4660   -704    503   -375
  -5132  -6260  -4616   -688   -107  -1550
  -5160  -6332  -5292   -720   -177  -1284
  -4868  -5560  -4792   -688    -27   -735
  -4240  -5320  -5124   -640   -187   -927
  -4016  -4832  -5020   -672   -592  -1948
  -4068  -4552  -5600   -672    -72  -2580
  -4056  -4084  -5908   -672    649  -1531
  -4020  -3624  -5328   -752   1537     34
  -3880  -4264  -5260   -720   1680    597
  -3872  -4488  -5100   -720    570    324
  -4104  -5040  -5376   -688     33   -315
  -4568  -5288  -5452   -704     -8    111
  -4680  -5760  -5148   -656   -208    851
  -4484  -5832  -4780   -672   -646    531
  -4624  -5868  -4636   -704  -2177   -667
  -4436  -5800  -5028   -688  -2994  -1802
  -4820  -5780  -5904   -720  -2875  -1494
  -4520  -5580  -5576   -720  -1988   -672
  -4176  -5572  -5380   -640   -972   -508
  -3952  -5308  -5268   -704   -529  -1084
  -4080  -5340  -5432   -672   -373  -1416
  -4424  -5608  -5652   -752    739   -752
  -4460  -5852  -5392   -720   1551    857
  -4492  -6128  -5076   -720   1805   1361
  -4284  -6420  -4908   -704   1537    298
  -4640  -6360  -4896   -752    670   -816
  -4888  -6320  -5276   -736    505  -1189
  -4668  -6112  -5108   -720    537   -683
  -4548  -5656  -5068   -672     64   -362
  -4104  -5272  -5024   -720   -583  -1286
  -3980  -4604  -5208   -720  -1018  -2231
  -3956  -4340  -5632   -736   -654  -1971
  -4040  -4080  -5684   -672    605   -813
  -3792  -3964  -5588   -672    871    234
  -3552  -4236  -5180   -656    573    261
  -4084  -4664  -5216   -688     28    -94
  -4352  -5048  -5476   -736   -259    216
  -4900  -5488  -5568   -688     81   1002
  -4520  -5784  -5164   -672    -25   1270
  -4704  -6132  -4680   -656  -1069    437
  -4852  -6340  -4692   -688  -1910  -1094
  -4860  -6184  -5152   -704  -2413  -1583
  -4872  -5944  -5416   -672  -2382   -939
  -4772  -5748  -5328   -704  -1472   -649
  -4220  -5680  -5036   -752  -1094  -1185
  -4088  -5612  -5340   -672   -663  -1987
  -4232  -5272  -5704   -720    117  -1784
  -4232  -5460  -5724   -704   1168   -528
  -4352  -5632  -5456   -720   1920    622
  -4072  -5736  -4808   -688   1861    594
  -4220  -5940  -5008   -688   1340   -251
  -4448  -6052  -5104   -704    980   -801
  -4692  -5976  -5284   -704   1108   -494
  -4532  -5940  -5308   -704    665    -61
  -4000  -5460  -5020   -688     32   -484
  -4020  -5604  -4992   -688  -1176  -1392
  -4068  -4732  -5404   -720  -1470  -1770
  -4060  -4572  -5748   -672   -800  -1191
  -4084  -4248  -5444   -720     -8   -244
  -3716  -4216  -5460   -656    -15    100
  -3896  -4268  -5264   -720   -178   -285
  -4184  -4752  -5384   -720   -435   -143
  -4560  -5120  -5588   -768   -134    652
  -4768  -5588  -5208   -704    287   1377
  -4764  -5968  -4880   -672   -132   1164
  -4976  -6476  -4720   -720   -962    -89
  -5196  -6556  -5124   -688  -1504  -1094
  -5056  -6320  -5320   -752  -1662  -1146
  -4936  -6356  -5400   -736  -1400   -849
  -4520  -5952  -5080   -704  -1237  -1109
  -4348  -5740  -4988   -704  -1081  -1929
  -4052  -5528  -5424   -720   -395  -2540
  -4116  -5244  -5760   -736    466  -1767
  -4092  -5248  -5548   -720   1526   -417
  -3928  -5412  -5212   -736   1966    148
  -4020  -5256  -5084   -672   1417     15
  -3956  -5628  -5000   -736   1212   -515
  -4200  -5744  -5352   -688   1220   -273
  -4308  -5736  -5364   -720   1123    384
  -4260  -5716  -5024   -688    671    271
  -4024  -5540  -4800   -704   -619   -602
  -4200  -5000  -5212   -736  -1610  -1204
  -4588  -4600  -5064   -768  -1523  -1314
  -4084  -4732  -5408   -784  -1077   -402
  -4176  -4604  -5284   -736   -544   -139
  -4132  -4540  -5244   -704   -689   -324
  -4116  -4784  -5392   -704   -760   -570
  -4468  -4996  -5680   -704   -282    -49
  -4716  -5152  -5460   -720    123    995
  -4844  -5868  -5152   -672    326   1288
  -4824  -6168  -5020   -736     35    495
  -4816  -6424  -5016   -720   -679   -563
  -5388  -6740  -5372   -752   -823  -1104
  -5032  -6652  -5184   -704   -628  -1092
  -4728  -6396  -5212   -672   -948   -907
  -4552  -6128  -4792   -800  -1039  -1673
  -4240  -5800  -5156   -688   -958  -2577
  -4180  -5348  -5324   -736   -345  -2433
  -3944  -5108  -5768   -736    831  -1528
  -3584  -4764  -5616   -704   1289   -571
  -3656  -5024  -5216   -752   1396   -308
  -3764  -5200  -5108   -736   1068   -468
  -3932  -5256  -5272   -752    918   -180
  -4112  -5456  -5248   -736   1155    480
  -4136  -5600  -5184   -752   1000    839
  -4048  -5476  -4980   -720     61    451
  -4188  -5672  -5056   -704  -1036   -403
  -4272  -5272  -5192   -704  -1618   -694
  -4512  -5284  -5360   -752  -1669   -318
  -4424  -5020  -5304   -720  -1174    -67
  -4368  -5032  -5368   -768   -995   -291
  -4016  -4984  -5412   -688  -1146   -751
  -4472  -5016  -5560   -752   -674   -773
  -4536  -5224  -5652   -720    -14     -1
  -4644  -5692  -5732   -720    362    914
  -4788  -5920  -5160   -720    592    764
  -4800  -6136  -5000   -656    132    -53
  -4972  -6364  -5144   -752    -82   -836
  -5068  -6476  -5204   -736     -3   -945
  -4880  -6316  -5248   -688   -157   -796
  -4592  -6052  -5236   -704   -416  -1310
  -4404  -5908  -5152   -704   -953  -2119
  -4220  -5444  -5404   -736  -1004  -2533
  -4172  -5248  -5572   -720   -173  -2171
  -3828  -4712  -5600   -768    600  -1280
  -3568  -4624  -5484   -704    808   -700
  -3496  -4776  -5248   -736    787   -665
  -3548  -4960  -5444   -688    505   -382
  -3872  -5072  -5260   -736    755    314
  -3948  -5272  -5420   -688   1000   1004
  -4012  -5396  -5008   -736    463   1159
  -4256  -5748  -4820   -752   -320    473
  -4348  -5720  -4872   -736  -1167   -146
  -4648  -5724  -5208   -720  -1512    -62
  -4560  -5580  -5132   -704  -1319     75
  -4372  -5360  -5204   -672  -1368    -50
  -4488  -5424  -5052   -768  -1259   -694
  -4624  -5228  -5128   -752   -973  -1193
  -4524  -5316  -5396   -704   -477   -750
  -4584  -5216  -5672   -752    309    -59
  -4488  -5532  -5316   -704    725    348
  -4576  -5720  -5020   -704    657     54
  -4760  -6068  -5024   -768    586   -561
  -4884  -6052  -5252   -720    552   -807
  -4964  -6316  -5228   -736    544   -707
  -4512  -6012  -5140   -784    270   -840
  -4548  -5772  -5048   -768   -350  -1558
  -4404  -5560  -5044   -736   -986  -2138
  -4176  -5192  -5304   -736   -824  -2209
  -3992  -5000  -5500   -720   -410  -1649
  -3712  -4808  -5464   -688    143  -1139
  -3388  -4476  -5328   -768    116   -929
  -3428  -4608  -5272   -720     -9   -703
  -3684  -4760  -5556   -736    179   -160
  -3752  -5040  -5364   -784    453    793
  -4140  -5304  -5320   -736    569   1310
  -4208  -5564  -4876   -736    154   1076
  -4572  -5908  -4860   -768   -549    509
  -4776  -6044  -5256   -752   -960     53
  -4936  -5952  -5072   -736  -1129    287
  -4820  -5884  -5272   -720  -1140    196
  -4704  -5808  -5040   -736  -1238   -405
  -4724  -5556  -5260   -752  -1203  -1126
  -4788  -5520  -5212   -720   -640  -1339
  -4544  -5304  -5548   -752    -68   -820
  -4672  -5388  -5496   -704    644   -329
  -4644  -5540  -5124   -720    821   -224
  -4428  -5688  -5232   -688    845   -554
  -4724  -5616  -5472   -752    864   -697
  -4652  -5764  -5404   -736    988   -589
  -4580  -5784  -5136   -736    863   -516
  -4352  -5676  -4948   -720    255   -906
  -4428  -5976  -5160   -752   -366  -1618
  -4132  -5456  -5332   -720  -1006  -1857
  -4032  -5184  -5460   -736   -946  -1591
  -4008  -4900  -5404   -720   -703  -1245
  -3808  -4788  -5440   -688   -536  -1035
  -3412  -4612  -5336   -752   -586  -1032
  -3656  -4812  -5468   -736   -501   -626
  -3860  -4828  -5696   -704   -131    174
  -3960  -5064  -5540   -720    207    969
  -4084  -5300  -5444   -704    225   1209
  -4556  -5880  -4804   -688    -90    882
  -4528  -6036  -5168   -784   -414    479
  -4708  -6128  -4988   -720   -577    375
  -4860  -6212  -5308   -752   -631    405
  -4800  -6236  -4940   -768   -760    -66
  -4696  -6032  -5120   -752  -1009   -874
  -4704  -5804  -5276   -752   -866  -1410
  -4764  -5636  -5440   -752   -145  -1482
  -4676  -5324  -5448   -736    345   -967
  -4380  -5288  -5388   -752    737   -737
  -4348  -5152  -5000   -720    808   -801
  -4492  -5236  -5244   -736    861   -810
  -4424  -5284  -5220   -752   1071   -650
  -4432  -5356  -5504   -736   1144   -295
  -4324  -5528  -5084   -768    710   -320
  -4320  -5720  -5096   -768     93   -834
  -4044  -5620  -4896   -768   -735  -1187
  -4312  -5244  -5256   -720  -1052  -1310
  -4116  -5280  -5428   -736  -1118  -1005
  -3864  -5032  -5300   -720  -1173   -893
  -3652  -4940  -5392   -768  -1132  -1066
  -3812  -4700  -5436   -720  -1081  -1004
  -3716  -4972  -5400   -704   -861   -431
  -3860  -5068  -5580   -720   -241    287
  -3972  -5348  -5376   -736    -26    885
  -4188  -5704  -5184   -736    100    901
  -4528  -6012  -5144   -704     58    575
  -4712  -6108  -5124   -720    -31    460
  -5024  -6408  -4976   -720     12    452
  -4956  -6320  -5000   -752    -83    126
  -5008  -6372  -5036   -736   -454   -541
  -4800  -6104  -5248   -768   -614  -1250
  -4616  -5776  -5244   -720   -425  -1521
  -4652  -5532  -5592   -720    142  -1407
  -4380  -5144  -5328   -736    553  -1189
  -4192  -5044  -5284   -704    604  -1082
  -3948  -4956  -5368   -736    715  -1097
  -4128  -4892  -5472   -752    802   -866
  -4268  -4872  -5508   -720    975   -339
  -4152  -5176  -5240   -800    909    -40
  -4216  -5208  -5156   -768    456   -180
  -4256  -5468  -5208   -736   -270   -559
  -4352  -5584  -5092   -752   -702   -841
  -4148  -5484  -5184   -752  -1123   -669
  -4216  -5420  -5140   -752  -1398   -545
  -3912  -5188  -5288   -736  -1507   -787
  -4096  -5240  -5220   -736  -1533  -1017
  -3992  -5264  -5480   -736  -1246   -885
  -4184  -5268  -5320   -752   -822   -361
  -4200  -5396  -5336   -768   -297    204
  -4228  -5640  -5324   -720    -17    484
  -4332  -5908  -5264   -768    142    417
  -4608  -6040  -5260   -768    350    315
  -4808  -6288  -5252   -736    579    387
  -4708  -6276  -5028   -784    482    286
  -4880  -6316  -5136   -720    342   -278
  -4732  -6196  -5180   -704    -31   -856
  -4848  -5960  -5224   -672   -260  -1378
  -4752  -5736  -5312   -768    -95  -1473
  -4504  -5312  -5360   -736    202  -1341
  -4148  -5080  -5348   -736    376  -1376
  -4008  -4724  -5500   -752    315  -1305
  -4144  -4696  -5448   -784    392  -1135
  -4008  -4708  -5256   -752    503   -552
  -4040  -4720  -5364   -768    641    -40
  -4024  -4992  -5284   -736    450    112
  -4028  -5060  -5160   -768     -1    -54
  -4176  -5456  -5120   -752   -507   -240
  -4192  -5468  -5428   -784   -899   -168
  -4352  -5516  -5300   -720  -1101   -221
  -4352  -5684  -5232   -736  -1551   -368
  -4324  -5860  -5112   -768  -1670   -820
  -4376  -5544  -5384   -784  -1592  -1027
  -4368  -5516  -5288   -752  -1120   -865
  -4192  -5588  -5452   -784   -711   -433
  -4232  -5552  -5312   -784   -166   -120
  -4340  -5680  -5348   -768    103    -46
  -4248  -5968  -5336   -736    429    -61
  -4396  -6000  -5160   -752    790     79
  -4684  -6216  -5148   -720   1038    226
  -4632  -6164  -4876   -768    885     35
  -4736  -6092  -4992   -768    606   -528
  -4480  -5824  -5068   -784    178  -1019
  -4540  -5636  -5108   -816     46  -1265
  -4336  -5436  -5308   -752     41  -1207
  -4272  -5124  -5340   -768     -7  -1254
  -4172  -4832  -5240   -752     19  -1384
  -3932  -4552  -5364   -736   -163  -1276
  -3868  -4596  -5396   -720    -44   -831
  -3916  -4412  -5248   -800    187   -270
  -4140  -4756  -5204   -720    159    184
  -3976  -5040  -5120   -736      0    241
  -4236  -5312  -5184   -688   -264    113
  -4288  -5500  -5016   -736   -638    139
  -4420  -5760  -5112   -736   -787    191
  -4544  -5916  -4896   -736  -1102     42
  -4712  -6056  -5000   -768  -1467   -455
  -4440  -6024  -5308   -720  -1536   -939
  -4448  -5752  -5200   -800  -1375  -1053
  -4472  -5896  -5488   -752   -764   -982
  -4412  -5772  -5328   -752   -400   -801
  -4148  -5728  -5260   -816    -27   -631
  -4380  -5676  -5540   -768    337   -586
  -4300  -5684  -5328   -816    742   -361
  -4452  -5920  -5284   -784   1155    -81
  -4372  -5888  -5216   -784   1320     61
  -4388  -5908  -5132   -736   1042   -143
  -4568  -5836  -5184   -736    599   -590
  -4436  -5604  -5240   -752    400   -882
  -4432  -5500  -5108   -784     82   -896
  -4340  -5204  -5212   -784   -121   -918
  -4244  -4988  -5260   -736   -349  -1089
  -4088  -4768  -5456   -752   -492  -1255
  -4072  -4444  -5480   -768   -558  -1057
  -4060  -4580  -5372   -752   -397   -566
  -4096  -4672  -5648   -784   -267     -4
  -4048  -4980  -5436   -784   -288    187
  -4364  -5256  -5216   -768   -365    195
  -4536  -5456  -5144   -736   -434    214
  -4508  -5672  -5016   -768   -531    352
  -4968  -5956  -5128   -800   -750    228
  -4568  -6056  -4908   -736   -941    -82
  -4744  -6220  -5124   -768  -1217   -663
  -4584  -6272  -5156   -720  -1221  -1061
  -4600  -6060  -5304   -752   -913  -1194
  -4392  -5980  -5152   -752   -410  -1181
  -4332  -5776  -5420   -752   -164  -1079
  -4088  -5516  -5328   -768    146  -1130
  -4120  -5384  -5412   -768    510   -899
  -4132  -5516  -5404   -768    975   -456
  -4340  -5480  -5480   -736   1302   -156
  -4176  -5588  -5264   -768   1298    -51
  -4168  -5588  -5096   -752    989   -204
  -4248  -5404  -5276   -752    648   -439
  -4380  -5424  -5396   -752    356   -336
  -4184  -5316  -5108   -784    -27   -433
  -4192  -5208  -5168   -784   -383   -604
  -4036  -5016  -5288   -736   -796   -858
  -4096  -4884  -5268   -736   -913  -1020
  -4180  -4696  -5304   -736   -935   -707
  -4148  -4784  -5328   -736   -718   -313
  -4188  -4964  -5288   -752   -634    -15
  -4144  -5080  -5228   -784   -542     77
  -4380  -5428  -5296   -752   -476    115
  -4648  -5476  -5444   -768   -251    226
  -4612  -5832  -5368   -800   -252    337
  -4944  -6128  -4964   -768   -412     80
  -4528  -6344  -4860   -752   -622   -345
  -4528  -6228  -5108   -736   -759   -922
  -4692  -6168  -5296   -720   -755  -1172
  -4660  -6016  -5180   -736   -465  -1300
  -4380  -5908  -5392   -752   -180  -1391
  -4188  -5648  -5280   -720     48  -1524
  -4064  -5444  -5280   -784    224  -1418
  -4016  -5176  -5256   -768    613  -1005
  -3892  -5100  -5640   -784    927   -473
  -4084  -5084  -5420   -768   1128   -140
  -3912  -5204  -5160   -768   1055    -71
  -3996  -5264  -5548   -768    753   -114
  -4204  -5280  -5380   -752    427    -56
  -4248  -5212  -5236   -736    103     65
  -4312  -5368  -5200   -752   -288    -31
  -4192  -5348  -5288   -752   -781   -344
  -4184  -5040  -5136   -752  -1101   -658
  -4408  -5152  -5380   -800  -1136   -731
  -4200  -5108  -5576   -784  -1021   -510
  -4212  -5104  -5132   -800   -960   -288
  -4360  -5000  -5472   -752   -786   -245
  -4392  -5272  -5408   -736   -651   -198
  -4520  -5524  -5480   -752   -317    -64
  -4632  -5748  -5280   -752    -10     97
  -4648  -6048  -5232   -784    119     81
  -4736  -5876  -4740   -736    -56   -202
  -4812  -6140  -5120   -784   -155   -747
  -4860  -6192  -5052   -768   -267  -1033
  -4580  -6056  -5060   -784   -207  -1238
  -4388  -5940  -5056   -768   -203  -1372
  -4172  -5748  -5328   -784   -134  -1558
  -4084  -5320  -5028   -736    -16  -1627
  -4004  -5036  -5448   -720    180  -1430
  -3880  -4972  -5484   -800    477   -956
  -3780  -4896  -5432   -784    693   -429
  -3700  -4872  -5416   -768    749   -129
  -3828  -4996  -5328   -784    636     51
  -4108  -4968  -5212   -800    447    178
  -4140  -5288  -5248   -768    215    373
  -4168  -5148  -5268   -784   -153    449
  -4344  -5416  -4968   -768   -571    196
  -4392  -5528  -5292   -784   -974   -160
  -4456  -5524  -5168   -768  -1204   -447
  -4408  -5436  -5136   -784  -1143   -542
  -4580  -5300  -5360   -800   -987   -526
  -4392  -5412  -5344   -736   -935   -527
  -4424  -5448  -5416   -736   -689   -530
  -4512  -5388  -5216   -784   -439   -477
  -4608  -5532  -5344   -752    -43   -293
  -4712  -5940  -5244   -784    352   -154
  -4744  -6052  -5016   -800    458   -246
  -4576  -6064  -4912   -736    287   -483
  -4744  -6060  -5120   -784    183   -824
  -4608  -6012  -5536   -800    117  -1071
  -4456  -5984  -5172   -784     38  -1236
  -4148  -5872  -5144   -768    -38  -1361
  -4236  -5464  -5236   -752   -244  -1557
  -3988  -5264  -5456   -784   -171  -1574
  -3996  -5072  -5356   -752   -108  -1275
  -3780  -4800  -5224   -768     99   -819
  -3748  -4864  -5380   -768    176   -350
  -3704  -4884  -5136   -752    207    -33
  -4008  -5076  -5224   -752    166    227
  -4024  -5160  -5180   -784    217    453
  -4076  -5344  -5168   -768     45    615
  -4336  -5640  -5244   -768   -310    548
  -4544  -5768  -4928   -784   -658    321
  -4520  -5828  -5104   -752   -931    -64
  -4644  -5740  -4944   -784  -1057   -312
  -4788  -5764  -5272   -768   -975   -482
  -4728  -5792  -5224   -816   -831   -664
  -4692  -5576  -5540   -752   -720   -818
  -4624  -5500  -5112   -784   -485   -939
  -4508  -5328  -5280   -800   -161   -700
  -4616  -5600  -5376   -736    282   -501
  -4536  -5592  -5352   -816    591   -463
  -4520  -5764  -5252   -752    646   -539
  -4700  -5696  -4984   -752    472   -741
  -4392  -5836  -5012   -800    463   -844
  -4340  -5784  -5004   -752    316   -934
  -4284  -5708  -4824   -752     50  -1016
  -4128  -5444  -5404   -752   -180  -1279
  -4120  -5384  -5288   -768   -470  -1395
  -3808  -4984  -5100   -800   -508  -1268
  -3808  -4920  -5328   -816   -301  -1015
  -3820  -4736  -5412   -784   -304   -519
  -3832  -4832  -5316   -752   -285   -236
  -3976  -4932  -5348   -768   -187     20
  -4172  -5076  -5256   -768   -104    337
  -4244  -5336  -5296   -832     22    641
  -4416  -5508  -5244   -784    -66    784
  -4424  -5856  -5208   -800   -274    624
  -4612  -6012  -5104   -784   -513    193
  -4840  -6000  -5156   -736   -715    -98
  -4944  -5988  -5204   -800   -702   -384
  -4744  -5936  -5096   -784   -667   -644
  -4576  -5836  -5212   -752   -590   -939
  -4532  -5660  -5296   -800   -476  -1206
  -4576  -5468  -5276   -800   -250  -1185
  -4376  -5316  -5320   -752    151  -1001
  -4484  -5472  -5256   -752    497   -758
  -4344  -5388  -5276   -752    692   -671
  -4388  -5416  -5304   -768    688   -674
  -4384  -5392  -5132   -752    624   -721
  -4324  -5428  -5052   -784    445   -598
  -4184  -5620  -5296   -784    261   -612
  -4176  -5416  -5200   -784    -68   -796
  -3976  -5364  -5100   -768   -470   -974
  -4088  -5264  -5204   -784   -750  -1048
  -3976  -5084  -5528   -768   -756   -943
  -3876  -5100  -5468   -784   -705   -652
  -3780  -5008  -5308   -736   -693   -400
  -3864  -5028  -5296   -784   -661   -166
  -4108  -5060  -5176   -800   -532     61
  -4268  -5164  -5312   -784   -229    390
  -4336  -5532  -5364   -768    -11    613
  -4396  -5692  -5308   -752     15    663
  -4456  -5876  -5124   -768   -146    448
  -4760  -6164  -5168   -768   -215     92