  -1724  -3736  -5380   -496   -114   -357
  -1776  -3740  -5428   -496    -85   -377
  -1452  -3856  -5268   -464   -164   -425
  -1656  -3700  -5384   -480   -184   -542
  -1764  -3684  -5560   -448   -185   -589
  -1668  -3704  -5448   -496   -125   -474
  -1500  -3760  -5348   -432    -85   -390
  -1628  -3768  -5532   -480   -128   -384
  -1520  -3700  -5516   -448   -131   -431
  -1540  -4004  -5660   -464   -162   -527
  -1648  -3812  -5484   -496   -219   -520
  -1728  -3780  -5424   -480   -134   -475
  -1912  -3592  -5596   -496    -82   -420
  -1888  -3804  -5500   -464    -50   -464
  -1636  -3896  -5464   -480    -72   -559
  -1480  -3832  -5464   -512   -182   -565
  -1432  -3812  -5484   -512    -53   -611
  -1872  -3836  -5440   -432    -90   -495
  -1668  -3652  -5508   -496   -241   -443
  -1764  -3788  -5448   -544   -217   -544
  -1712  -3792  -5560   -464   -201   -790
  -1636  -4104  -5432   -480   -403  -1180
  -3024  -5048  -5660   -576  -1041  -1285
  -4564  -7296  -5416   -496   -113  -3731
  -2348  -5748  -4580   -496  -3281  -2205
  -4652  -6224  -7884   -512  -1811  -2087
   -680  -3416  -5256   -528   2894  -2776
  -2476  -2972  -6648   -528  -1025  -1191
  -2316  -3880  -6512   -464   2134  -1339
    864  -1272  -4024   -480   4103  -2742
  -3400  -2612  -8288   -464    779   2440
   -908  -4204  -4748   -528   5907    833
  -1744  -1984  -5820   -480   3196   1087
  -2916  -4952  -5944   -528   -105   2193
  -1676  -4864  -3872   -480   2853  -2576
  -2552  -4408  -6912   -480  -2266   1151
  -2760  -5508  -4392   -496  -2051    796
  -2160  -3968  -5032   -528    -40  -2761
  -1896  -3700  -5216   -448  -6592    265
  -2044  -3804  -4596   -512  -3519  -2916
  -1864  -2656  -7008   -528  -2847  -1756
  -2100  -3284  -5580   -528  -4513   1642
  -1916  -3772  -5720   -512    -11   -720
  -1632  -3424  -6004   -496  -1240   1185
  -3412  -5140  -5980   -496  -1498   1470
  -3496  -6036  -5964   -512   2757     31
  -3296  -5912  -5280   -528    632   2386
  -4060  -8096  -4944   -528    664    836
  -3660  -7532  -4536   -544   2157  -2221
  -2928  -6920  -4508   -448  -1868  -1947
  -4504  -6940  -6176   -528    356  -3320
  -2528  -4944  -5804   -496   1194  -3309
  -2004  -4104  -5344   -480  -1448  -1291
  -2148  -3748  -5768   -512   1762  -3602
   -212  -1936  -5112   -560   1060  -2576
  -1192  -1876  -6572   -512   -144   -569
  -1060  -1892  -5968   -528   4221   -460
   -692  -1796  -5072   -512   1598   1850
  -1976  -3372  -5524   -512    887   2097
  -1600  -3400  -5344   -576   2752   -102
  -2168  -4120  -5264   -512  -1362   2250
  -2956  -5408  -5492   -496     -8   1602
  -2140  -4720  -4880   -512   -364    395
  -2824  -5392  -5120   -544  -4478   1200
  -3292  -5368  -5196   -544  -2633  -1820
  -2340  -3924  -5476   -512  -3935  -1480
  -3056  -4524  -5784   -560  -4622   -150
  -2692  -4040  -5968   -528   -728  -1704
  -1684  -3536  -5400   -544  -2296   -145
  -2604  -4588  -5872   -544  -1699    -37
  -2516  -4824  -5760   -560   2026   -668
  -2488  -4756  -5996   -512    587   1887
  -3748  -6432  -5436   -528   2533    832
  -3100  -6168  -4808   -528   3163   -667
  -3604  -6572  -4924   -528    145   -550
  -3564  -6780  -5464   -544   1972  -3129
  -2692  -5732  -5144   -544    894  -2819
  -2716  -5524  -5544   -560   -350  -2152
  -2052  -4108  -5496   -544   1364  -3712
  -1092  -2612  -5604   -560  -1084  -2701
  -1256  -2520  -6156   -512   -592  -2082
   -964  -2120  -5156   -512   2138  -1401
   -352  -1560  -5700   -496   -320    899
  -1348  -2300  -6196   -592    810    786
   -928  -2168  -5716   -560   1115    831
  -1840  -3284  -5960   -528  -1234   2733
  -2448  -4668  -5596   -512    669   1418
  -2456  -4788  -5420   -576   -525   2302
  -3032  -5896  -5588   -528  -2526   2280
  -3136  -6124  -4956   -496  -1580   -681
  -3264  -5860  -5156   -576  -3897   -545
  -3764  -5996  -5616   -528  -2939   -632
  -3052  -4876  -5812   -528  -1184  -1855
  -2440  -4624  -5324   -544  -2834   -911
  -2768  -4728  -5756   -512  -1196  -1749
  -2052  -4052  -5876   -560    761  -1782
  -2100  -4212  -6164   -560    237    260
  -2796  -4796  -5988   -544   3047    -88
  -2268  -4560  -5488   -560   3069    194
  -2868  -5544  -5132   -512   1560    130
  -2768  -5984  -5368   -544   3148  -1877
  -2292  -5184  -5420   -496   1865  -1279
  -2704  -5484  -5608   -560    452  -1382
  -2220  -5248  -5140   -512   1356  -2909
  -1580  -3816  -5376   -560  -1102  -2290
  -1780  -3608  -5688   -560  -1286  -2356
  -1292  -2296  -5624   -576   -163  -2379
   -900  -1876  -5664   -560  -1939   -159
    300  -4004  -4472   -528  -1215   -410
   -204  -2012  -5416   -544   -528   -134
  -1644  -2792  -5904   -512  -1639   1521
  -2328  -3676  -6060   -560    445   1470
  -2264  -4136  -5516   -592   -454   2495
  -3232  -5776  -5168   -496  -1386   2385
  -3320  -6340  -5376   -560   -326    268
  -3216  -6428  -4968   -592  -2466    728
  -4148  -7052  -4976   -576  -2000   -220
  -3428  -6228  -5408   -576   -875  -1471
  -3012  -5848  -5132   -576  -2529  -1019
  -3256  -5604  -5732   -528   -698  -2563
  -2288  -4352  -5640   -496    -61  -2730
  -2372  -4096  -6516   -528   -528   -989
  -2440  -4028  -6180   -576   2449  -1268
  -1820  -3676  -5596   -512   2461     11
  -2352  -4576  -5108   -528   2087    332
  -2568  -4676  -5540   -528   3616   -994
  -2108  -4428  -5384   -576   1982   -290
  -2540  -4980  -5700   -528   1566   -360
  -2528  -4388  -5604   -608   1817  -1210
  -1756  -4392  -5828   -544   -973  -1004
  -2220  -4520  -5404   -560   -985  -1711
  -1404  -3384  -5236   -592  -1334  -1974
  -1512  -3120  -5632   -592  -2750   -642
  -1576  -2888  -5760   -528  -1447  -1001
   -908  -1288  -7320   -592  -2497     79
  -1468  -3196  -5488   -544  -2689    433
  -1764  -3296  -5516   -560   -504    112
  -1988  -3716  -5440   -560   -954   1685
  -2992  -4896  -5592   -544   -501   2000
  -2764  -5744  -5160   -544    624    875
  -3400  -6024  -5448   -576  -1084   1175
  -3856  -6720  -5196   -576   -605    -50
  -3560  -6384  -5316   -592   -310   -974
  -3400  -6672  -5436   -560  -1497   -917
  -3224  -6392  -5376   -512    137  -2518
  -2632  -5028  -5224   -544   -392  -2609
  -2608  -4688  -5728   -544   -527  -2263
  -2028  -4132  -5724   -544   1502  -2663
  -1836  -3020  -5748   -592   1266   -903
  -1464  -3820  -5208   -560   1765   -653
  -1540  -3296  -5644   -576   3011   -655
  -1636  -3252  -5740   -592   1809    159
  -2036  -4128  -5500   -512   2131   -201
  -1672  -3972  -5548   -576   1804    220
  -2068  -4536  -4992   -528      5    490
  -2284  -4592  -5272   -608     14   -301
  -1872  -4160  -5292   -544  -1412   -831
  -2432  -4152  -5516   -592  -2589   -422
  -2140  -3800  -5876   -528  -1878  -1002
  -1732  -3464  -5572   -576  -2874   -117
  -2072  -3832  -5540   -544  -2633   -206
  -1612  -3804  -4924   -560  -1249   -920
  -2224  -3600  -6064   -576  -1881    246
  -2756  -4544  -6088   -592   -609    836
  -2700  -4836  -5556   -560    610    966
  -4020  -4992  -5840   -576   -511   1771
  -3508  -6428  -5104   -576    664    135
  -3396  -6472  -5016   -608    679   -748
  -3672  -6512  -5628   -576    -66   -812
  -3500  -6288  -5760   -592    781  -2048
  -2852  -5516  -5648   -560   -179  -1660
  -2704  -5312  -5240   -576    -97  -2666
  -2084  -4116  -5604   -576    835  -3119
  -1812  -3332  -5944   -592    209  -1931
  -1440  -3376  -5660   -592   1062  -1492
  -1320  -2708  -5472   -576   1834  -1342
   -892  -2836  -5460   -544    742      1
  -1368  -3208  -5720   -560   1679   -204
  -1540  -3152  -5732   -560   1307    507
  -1860  -4000  -5476   -592    212   1402
  -2240  -4200  -5628   -544    383    537
  -2196  -4740  -4896   -576  -1012    661
  -2684  -5004  -5436   -608  -2020    179
  -2400  -4744  -5272   -592  -1709   -358
  -2476  -4824  -5436   -592  -2882     27
  -2752  -4760  -5512   -592  -2484   -403
  -2288  -4208  -5384   -608  -1996   -895
  -2492  -4280  -5416   -560  -2335   -516
  -2356  -4496  -5816   -544   -879   -345
  -2572  -4448  -6020   -576    -68     94
  -2736  -5060  -5484   -592    204    843
  -2944  -5376  -5596   -624   1485     66
  -3116  -5512  -5300   -560   1057    -70
  -3140  -6020  -5328   -576   1212   -655
  -3132  -6184  -5312   -608   1779  -1468
  -3028  -5568  -5376   -608    683  -1486
  -2684  -5680  -5144   -576    560  -2309
  -2196  -4680  -5348   -560    596  -2974
  -2012  -3836  -5788   -608   -299  -2296
  -1772  -3400  -5804   -576    414  -2103
   -792  -2896  -6036   -576    206   -661
  -1136  -2568  -5508   -592    -39   -344
  -1064  -2516  -5800   -576    582   -845
  -1240  -2492  -5856   -608     37    568
  -1808  -3364  -5488   -608     31   1243
  -1744  -3920  -5332   -624    398   1311
   -924  -4748  -5696   -544  -1129   2328
  -2516  -5536  -4712   -592  -1085    797
  -2888  -5220  -5588   -560  -1175     91
  -3000  -5444  -5312   -576  -2383    622
  -2948  -5664  -5336   -592  -1800   -192
  -3024  -5188  -5400   -576  -1941   -891
  -2924  -4872  -5564   -576  -2308   -819
  -2856  -4960  -5548   -592   -869  -1487
  -2484  -4380  -5804   -608   -659   -818
  -2604  -4728  -5736   -560     77   -251
  -2476  -4712  -5444   -640   1600   -487
  -2572  -4788  -5668   -576   1361    -90
  -2776  -5276  -5476   -592   1762   -520
  -2660  -5144  -5492   -608   2139   -874
  -2508  -5248  -5184   -608   1439   -732
  -2428  -5396  -5032   -576   1343  -1309
  -2324  -4768  -5536   -592    672  -2076
  -2120  -4424  -5412   -592   -223  -1972
  -1880  -3752  -5504   -576    -61  -2123
  -1376  -3136  -5848   -608   -564  -1441
  -1348  -2900  -5432   -592   -864   -932
  -1356  -2648  -5636   -624   -491   -904
  -2220  -2992  -6416   -576  -1908   -524
  -1716  -3028  -5636   -592   -804    693
  -1628  -3256  -6048   -608   -214   1270
  -2204  -4076  -5684   -560   -785   1738
  -2416  -5320  -5160   -592   -851    826
  -2668  -5300  -5496   -560   -996   1051
  -3008  -5868  -5460   -592  -1569    718
  -3444  -5940  -5368   -608  -1102    -16
  -3304  -5780  -5408   -608  -1525   -315
  -3028  -5996  -5152   -592  -1552  -1205
  -2912  -5292  -5740   -592   -865  -1831
  -2760  -4936  -5576   -592   -810  -1494
  -2632  -4748  -5880   -576    145  -1380
  -2280  -4388  -5708   -592   1140  -1211
  -2332  -4172  -5568   -592   1181   -648
  -2048  -4224  -5708   -528   1851   -691
  -2120  -4548  -5160   -608   2117   -714
  -2304  -4568  -5536   -544   1798   -444
  -2240  -4536  -5372   -576   1880   -806
  -2068  -4972  -4052   -576   1334  -1250
  -2324  -4320  -5916   -608    253  -1182
  -1920  -4436  -4828   -592    182  -1665
  -1764  -3676  -5680   -592  -1099  -1006
  -1656  -3580  -5668   -608  -1241   -972
  -1436  -3164  -5440   -624  -1447   -818
  -1572  -3112  -5568   -576  -1870   -267
  -1760  -3140  -5740   -576  -1239    -31
  -1756  -3344  -5680   -576  -1012    456
  -2248  -3780  -6520   -608  -1134   1631
  -2400  -4536  -5212   -624   -364   1230
  -2672  -5036  -5396   -560   -673   1133
  -3016  -5868  -5196   -608   -559    500
  -3392  -5972  -5296   -640   -275     90
  -3376  -6132  -5500   -640   -797    -87
  -3272  -6264  -5384   -576   -568  -1088
  -3224  -5620  -5764   -592   -543  -1575
  -2864  -5488  -5508   -624   -611  -1772
  -2804  -4920  -5600   -624    268  -2105
  -2172  -4060  -5912   -608    592  -1813
  -2136  -3844  -5788   -608    743  -1352
  -1844  -3596  -5624   -592   1594  -1269
  -1732  -3480  -5520   -576   1705   -792
  -1736  -3512  -5512   -624   1856   -331
  -1716  -3756  -5556   -624   1829   -328
  -1812  -4248  -5364   -640    956    -98
  -2016  -4336  -5580   -624    547   -252
  -1776  -4236  -4952   -592    125   -553
  -2200  -4168  -5296   -576  -1016   -228
  -2028  -4188  -5740   -624  -1288   -484
  -1952  -3884  -5492   -608  -1904   -484
  -2032  -3696  -5880   -592  -2225   -368
  -1844  -3792  -5564   -576  -1872   -283
  -2016  -3824  -5844   -608  -1750     85
  -2296  -4028  -5888   -624  -1273    361
  -2056  -4684  -4736   -592  -1343    921
  -2376  -4956  -5064   -656   -426    716
  -3108  -5376  -5820   -624    103    564
  -3112  -5700  -5388   -640    308    373
  -3216  -6244  -4992   -576    249   -180
  -3292  -6320  -5376   -624    371  -1000
  -3084  -5848  -5560   -560    139  -1483
  -3048  -5728  -5316   -624     18  -1839
  -2176  -5412  -4784   -608    416  -2315
  -2256  -4512  -5268   -640    342  -2284
  -1976  -3936  -5720   -640    523  -1993
  -1488  -3468  -5700   -592    808  -1767
  -1548  -3164  -5636   -624    790   -990
  -1512  -2964  -5676   -608   1292   -518
  -1352  -3276  -5308   -592   1236   -188
  -1504  -3372  -5528   -608    760    356
  -1876  -3964  -5428   -576    648    270
  -2084  -4284  -5404   -624   -112    501
  -1836  -4644  -5200   -608   -786    847
  -2268  -4572  -5368   -624   -903     89
  -2400  -4552  -5644   -592  -1761     92
  -2580  -4660  -5504   -576  -2060   -157
  -2400  -4616  -5532   -592  -1966   -465
  -2444  -4340  -5752   -608  -2068   -219
  -2468  -4312  -5792   -624  -1324   -352
  -2520  -4392  -5612   -608   -892   -272
  -2632  -4676  -5920   -640   -602    -86
  -2684  -4984  -5848   -624    412    -24
  -2804  -5088  -5676   -592    685    148
  -3024  -5488  -5588   -624    885    -31
  -3136  -5604  -5344   -576   1150   -743
  -2976  -5680  -5248   -640    760  -1104
  -2868  -5728  -5364   -608    709  -1689
  -2596  -5144  -5364   -624    658  -2003
  -2316  -4800  -5436   -624    202  -1973
  -1900  -4192  -5444   -640    297  -2154
  -1656  -3584  -5576   -624    176  -1938
  -1412  -3132  -5684   -608    -21  -1354
  -1392  -2972  -5572   -624    391   -968
   -808  -3020  -5472   -592    134   -101
  -1428  -3032  -5716   -656    218    252
  -1568  -3372  -5264   -608    255    527
  -1904  -3960  -5328   -576   -197    875
  -2068  -4288  -5368   -592   -483    968
  -2548  -4868  -4916   -592   -792    944
  -2508  -5116  -5392   -560  -1435    663
  -2740  -5324  -5652   -608  -1632    -46
  -2960  -5172  -5776   -640  -1786   -381
  -2720  -5144  -5544   -624  -1910   -359
  -2756  -4956  -5576   -624  -1322   -759
  -2612  -4720  -5632   -592  -1009   -819
  -2664  -4628  -5628   -608   -475   -815
  -2656  -4624  -5852   -608    193   -654
  -2560  -4732  -5640   -592    680   -404
  -2864  -4756  -5708   -624   1292   -335
  -2620  -5020  -5468   -624   1566   -542
  -2568  -5076  -5316   -640   1256   -775
  -2644  -5048  -5324   -624   1304  -1295
  -2380  -4940  -5520   -608    949  -1435
  -2308  -4776  -5344   -624    506  -1520
  -2024  -4380  -5236   -608    276  -1796
  -1712  -3912  -5396   -640   -332  -1681
  -1636  -3732  -5480   -640   -547  -1463
  -1636  -3160  -5720   -624   -476  -1069
  -1332  -3052  -5708   -656   -645   -380
  -1656  -2984  -6560   -640  -1101      0
  -1560  -3300  -5424   -656   -508    292
  -1916  -3632  -5704   -640   -523    702
  -2340  -4180  -5776   -624   -348    996
  -2292  -4632  -5472   -640   -655   1261
  -2740  -5308  -5448   -640   -846   1113
  -2996  -5548  -5388   -608   -693    268
  -3264  -5268  -5988   -640  -1300     45
  -3028  -5496  -5572   -624  -1315   -385
  -3220  -5344  -5664   -656   -889  -1046
  -2900  -5232  -5544   -592   -981  -1012
  -2664  -4864  -5504   -608   -411  -1415
  -2592  -4656  -5684   -704    126  -1463
  -2332  -4532  -5824   -608    528  -1094
  -2204  -4300  -5428   -624   1283   -891
  -2224  -4276  -5808   -672   1556   -582
  -2068  -4428  -5756   -656   1494   -703
  -2220  -4552  -5400   -640   1644   -949
  -2128  -4580  -5320   -624   1064   -868
  -2056  -4488  -5520   -608    735   -841
  -2116  -4504  -5436   -624    404  -1027
  -1876  -4212  -5384   -672   -451   -969
  -1648  -4092  -5348   -624   -767  -1167
  -1564  -3576  -5648   -640  -1123   -950
  -1564  -3364  -5528   -624  -1413   -426
  -1584  -3436  -5644   -608  -1112   -189
  -1572  -3396  -5840   -624  -1195    221
  -1848  -3780  -5812   -640  -1051    508
  -2192  -4044  -5636   -656   -579    623
  -2396  -4568  -5684   -624   -596   1093
  -2852  -5168  -5404   -624   -438   1033
  -2968  -5528  -5432   -656   -290    602
  -3128  -5752  -5492   -624   -635    205
  -2800  -6152  -5048   -672     75   -985
  -3372  -5544  -5744   -672   -433   -814
  -2848  -5716  -5096   -640   -215  -1675
  -2964  -4992  -5760   -624   -155  -1700
  -2632  -4808  -5444   -656    -26  -1780
  -2348  -4396  -5652   -624    334  -1801
  -2116  -3868  -5736   -592   1081  -1527
  -2000  -3680  -5528   -624   1076   -898
  -1932  -3712  -5360   -688   1449   -782
  -2004  -3788  -5380   -608   1393   -705
  -1748  -4040  -5468   -608    924   -365
  -1760  -4296  -5508   -608    885   -440
  -1804  -4188  -5320   -656    352   -207
  -2036  -4392  -5436   -624   -350   -191
  -1384  -4152  -4800   -640   -210    -12
  -2088  -4100  -5652   -688  -1257   -876
  -2020  -4112  -5668   -608  -1725   -203
  -1932  -4024  -5324   -624  -1428   -442
  -2044  -3792  -5748   -608  -1687     83
  -2260  -3984  -5756   -624  -1387    159
  -2096  -4072  -5680   -640   -959    188
  -2520  -4440  -5732   -608   -718    575
  -2648  -4828  -5620   -624    -96    631
  -2744  -5288  -5536   -640    148    577
  -3576  -5660  -4812   -576    832   1349
  -3192  -5788  -5232   -672    503   -604
  -3184  -5624  -5428   -640    121   -811
  -3116  -5732  -5476   -624    109  -1238
  -2880  -5152  -5516   -672    373  -1760
  -2740  -4960  -5568   -656     33  -1836
  -2356  -4388  -5616   -624    275  -2083
  -1972  -3816  -5540   -624    553  -1946
  -1784  -3536  -5784   -672    571  -1353
  -1488  -3360  -5672   -640    856   -878
  -1764  -3300  -5616   -672    885   -560
  -1640  -3500  -5440   -624    673   -182
  -1780  -3648  -5776   -560    611   -147
  -1836  -3948  -5592   -640    156    361
  -1956  -4232  -5600   -672   -259    482
  -1976  -4444  -6264   -576   -839    800
  -2252  -4872  -5156   -624  -1305    209
  -2196  -4688  -5312   -640  -1563   -226
  -2300  -4492  -5608   -624  -1685   -234
  -2448  -4504  -5552   -608  -1811   -111
  -2428  -4540  -5616   -592  -1480   -260
  -2504  -4396  -5496   -640  -1132   -377
  -2588  -4432  -5780   -640   -804   -134
  -2684  -4636  -5740   -656    -61    -67
  -2648  -4840  -5668   -656    357    153
  -2920  -5220  -5516   -592    642     76
  -3008  -5312  -5500   -640    921   -368
  -2824  -5516  -5500   -656    745   -741
  -2964  -5492  -5376   -688    750  -1141
  -2784  -5180  -5548   -656    693  -1399
  -2548  -4948  -5472   -640    383  -1661
  -2376  -4484  -5280   -640    267  -1977
  -2028  -4016  -5532   -656    106  -1953
  -1912  -3660  -5532   -656     57  -1622
  -1488  -3324  -5692   -624    199  -1204
  -1436  -3188  -5632   -608    132   -684
  -1012  -3392  -5372   -656    -46    -97
  -1384  -3388  -5560   -688    145     -2
  -1748  -3600  -5600   -608   -179    555
  -2000  -4140  -5728   -624   -323    794
  -2188  -4436  -5364   -576   -552    785
  -3812  -4080  -5788   -656   -383   1046
  -2504  -5156  -5288   -608  -1424    421
  -2560  -5408  -4996   -656  -1507     16
  -2796  -5000  -5492   -624  -1492   -273
  -2692  -4964  -5656   -672  -1325   -481
  -2720  -4860  -5488   -656  -1173   -632
  -2576  -4840  -5552   -640   -747   -818
  -2596  -4596  -5616   -656   -149   -752
  -2524  -4680  -5600   -672    289   -474
  -2488  -4696  -5508   -624    856   -417
  -2468  -5028  -5416   -672   1094   -410
  -2580  -5092  -5284   -672   1200   -706
  -2652  -4956  -5544   -640   1269   -965
  -2588  -4820  -5440   -688   1007  -1073
  -2508  -4596  -5340   -624    704  -1208
  -2132  -4644  -5360   -640    495  -1534
  -1900  -4232  -5428   -624   -100  -1547
  -1792  -3956  -5428   -672   -307  -1528
  -1760  -3552  -5332   -640   -376  -1256
  -1556  -3172  -5644   -656   -656   -696
  -1532  -3208  -5512   -656   -530   -402
    -60  -4172  -5148   -656  -1335   -867
  -1600  -3676  -5864   -640   -692    437
  -1916  -3924  -5620   -656   -500    770
  -2176  -4392  -5392   -672   -521    949
  -2532  -4928  -5348   -656   -691    886
  -2792  -5184  -5348   -672   -766    528
  -2548  -6008  -4704   -656   -992   -183
  -2940  -5472  -5528   -640  -1038   -239
  -2964  -5472  -5416   -704   -822   -682
  -2956  -5236  -5508   -656   -901   -818
  -2888  -5116  -5640   -656   -562  -1167
  -2496  -4784  -5504   -688   -193  -1269
  -2600  -4696  -5644   -640    245  -1138
  -2524  -4332  -5832   -656    828  -1012
  -2340  -4128  -5832   -640   1122   -680
  -2172  -4364  -5432   -624   1289   -623
  -2124  -4468  -5520   -672   1500   -913
  -2188  -4488  -5452   -672   1106   -685
  -2240  -4584  -5560   -640    927   -756
  -1892  -4516  -5528   -672    627   -880
  -1872  -4204  -5272   -624    -70   -898
  -2048  -4188  -5452   -704   -461  -1055
  -1688  -3772  -5464   -656   -814   -957
  -1736  -3724  -5584   -640  -1160   -637
  -1768  -3648  -5628   -624  -1064   -476
  -1760  -3572  -5804   -640  -1209   -114
  -1928  -3588  -5736   -592  -1155    142
  -2064  -3900  -5648   -640   -713    360
  -2244  -4200  -5784   -656   -694    730
  -2540  -4636  -5408   -672   -459    799
  -2764  -5052  -5380   -656   -347    617
  -2936  -5532  -5420   -672   -464    342
  -3124  -5588  -5296   -656   -381   -214
  -2996  -5900  -4740   -608   -303   -911
  -3136  -5536  -5288   -656   -305   -967
  -2980  -5192  -5492   -672   -177  -1424
  -2860  -4968  -5472   -704   -180  -1543
  -2396  -4516  -5700   -672    111  -1625
  -2272  -4240  -5612   -688    669  -1543
  -2016  -3936  -5688   -656    846  -1129
  -1608  -4064  -5536   -672   1000  -1140
  -1776  -3708  -5564   -672   1290   -840
  -2040  -3948  -5716   -640   1001   -413
  -1932  -4036  -5692   -704   1007   -450
  -1952  -4100  -5524   -656    586   -252
  -2072  -4360  -5116   -688     13   -224
  -2096  -4404  -5276   -640   -394   -437
  -1896  -4268  -5468   -672   -979   -392
  -2520  -4172  -5696   -640  -1211   -593
  -1928  -3976  -5588   -624  -1512   -126
  -2004  -4068  -5488   -656  -1557   -226
  -2072  -4012  -5676   -688  -1379   -151
  -2188  -4164  -5648   -672  -1143      7
  -2256  -4360  -5656   -656   -959    334
  -2528  -4708  -5780   -656   -390    355
  -2716  -4920  -5536   -688   -121    414
  -2968  -5204  -5560   -704    -13    228
  -2860  -5468  -5392   -688    276   -180
  -3100  -5992  -4776   -624    499   -724
  -3324  -5524  -5808   -624    284   -736
  -2956  -5364  -5268   -704    304  -1342
  -2808  -5076  -5288   -672     71  -1591
  -2340  -4688  -5572   -688    157  -1776
  -2116  -4152  -5640   -640    358  -1790
  -2156  -3852  -5660   -688    431  -1464
  -1664  -3588  -5736   -672    668  -1198
  -1432  -3504  -5536   -704    731   -909
  -2964  -3336  -4992   -672    960  -1036
  -1660  -3424  -5824   -656    504   -205
  -1708  -3816  -5420   -688    328    152
  -1928  -4112  -5576   -656     14    240
  -1984  -4340  -5440   -672   -317    224
  -2084  -4412  -5344   -704   -905    188
  -3320  -4268  -6188   -688  -1023    681
  -2156  -4776  -4988   -656  -1392    -27
  -2532  -4512  -5676   -672  -1629   -114
  -2352  -4644  -5556   -752  -1548   -280
  -2476  -4520  -5620   -704  -1284   -369
  -2528  -4448  -5716   -704  -1001   -251
  -2664  -4492  -5644   -688   -429   -196
  -2604  -4580  -5560   -688    -72    -58
  -2804  -5076  -5532   -688    341   -102
  -2848  -5216  -5328   -704    675   -314
  -2708  -5268  -5352   -688    670   -471
  -2872  -5392  -5260   -672    820   -845
  -2620  -5452  -5484   -656    662  -1126
  -2588  -5040  -5528   -704    400  -1358
  -2256  -4836  -5480   -672    386  -1665
  -2104  -4340  -5572   -704    153  -1704
  -1944  -3872  -5696   -656     57  -1549
  -1856  -3688  -5692   -688    172  -1312
  -1564  -3540  -5668   -672    -30   -869
  -1584  -3332  -5716   -656     94   -553
  -1692  -3216  -5776   -704    125   -402
  -1616  -3412  -5804   -704   -177    342
  -1892  -3900  -5448   -704   -148    522
  -1948  -4248  -5476   -672   -392    620
  -2396  -4700  -5544   -688   -727    629
  -2304  -4732  -5344   -672   -869    348
  -2320  -5240  -5280   -688   -754   -245
  -2816  -4844  -5784   -672  -1344    -89
  -2684  -5068  -5596   -704  -1274   -338
  -2856  -4912  -5388   -720  -1215   -592
  -2516  -4876  -5584   -688   -871   -766
  -2528  -4552  -5652   -688   -467   -762
  -2488  -4664  -5440   -672   -103   -641
  -2556  -4676  -5592   -704    471   -595
  -2356  -4624  -5428   -704    855   -554
  -2716  -4724  -5524   -656    958   -589
  -2556  -5056  -5308   -720   1127   -778
  -2448  -4864  -5316   -656    994   -930
  -2476  -4856  -5492   -688    771  -1054
  -2104  -4740  -5612   -704    582  -1322
  -2188  -4416  -5632   -672    125  -1307
  -2000  -4196  -5612   -672   -115  -1327
  -2020  -3864  -5604   -720   -286  -1234
  -1808  -3536  -5744   -656   -625   -885
  -1604  -3452  -5552   -704   -517   -631
  -1596  -3236  -5688   -720   -570   -189
  -1876  -3400  -5484   -656   -563    223
  -1888  -3804  -5668   -688   -520    475
  -2176  -4220  -5524   -688   -501    663
  -2216  -4556  -5452   -688   -529    758
  -2508  -4912  -5176   -720   -568    597
  -2672  -5244  -5236   -672   -832    416
  -3148  -5724  -4780   -688  -1160    228
  -2828  -5440  -5128   -704   -764   -648
  -2980  -5416  -5656   -688   -961   -583
  -2624  -5132  -5428   -720   -668   -990
  -2732  -4928  -5544   -720   -384  -1222
  -2488  -4692  -5840   -688    -75  -1177
  -2488  -4612  -5656   -672    432  -1174
  -2244  -4320  -5768   -704    750   -954
  -2160  -4476  -5468   -688    954   -795
  -2232  -4352  -5540   -688   1185   -795
  -2264  -4356  -5592   -688    993   -669
  -2144  -4476  -5412   -704    966   -779
  -1928  -4540  -5320   -656    714   -822
  -2128  -4468  -5488   -640    183   -741
  -1744  -4300  -5380   -672   -135   -914
  -1844  -4108  -5412   -688   -573   -880
  -1792  -3996  -5364   -640   -909   -696
  -1852  -3828  -5584   -720   -913   -584
  -1684  -3592  -5532   -640  -1060   -271
  -1872  -3768  -5608   -704  -1035      9
  -2028  -3780  -5696   -704   -792    201
  -2024  -4144  -5644   -656   -745    462
  -2308  -4472  -5688   -688   -500    587
  -2772  -4712  -5496   -656   -320    556
  -2736  -5100  -5432   -672   -399    471
  -2944  -5440  -5368   -672   -280     34
  -3092  -5480  -5448   -704   -341   -326
  -3136  -5628  -5280   -672   -404   -663
  -2784  -5628  -4744   -752   -168   -871
  -2896  -5136  -5620   -656   -156  -1559
  -2736  -4756  -5672   -688    -69  -1446
  -2364  -4464  -5624   -704    310  -1540
  -2136  -4084  -5712   -656    483  -1335
  -2144  -4060  -5460   -672    814  -1105
  -2020  -3760  -5624   -720    986   -894
  -1912  -3804  -5720   -688    888   -586
  -1924  -4028  -5668   -736    855   -470
  -1860  -4140  -5508   -704    610   -393
  -2056  -4300  -5720   -672    203   -218
  -1860  -4344  -5492   -704    -86   -283
  -2176  -4316  -5568   -720   -635   -318
  -1976  -4412  -5404   -720  -1001   -339
  -2048  -4224  -5420   -688  -1178   -389
  -1996  -4100  -5664   -704  -1556    148
  -2132  -4324  -5608   -704  -1323   -169
  -2120  -4132  -5552   -704  -1104    -85
  -2356  -4248  -5684   -656   -993    151
  -2484  -4456  -5528   -704   -532    198
  -2436  -4760  -5388   -656   -259    308
  -2692  -5024  -5492   -704    -69    268
  -3040  -5280  -5436   -720    223    -36
  -2804  -5476  -5372   -672     67   -294
  -2836  -5516  -5200   -688    195   -718
  -2900  -5260  -5560   -688    264  -1118
  -2756  -5116  -5416   -720    163  -1351
  -2580  -4904  -5460   -704    158  -1588
  -2368  -4456  -5516   -720    204  -1676
  -1992  -4204  -5508   -704    225  -1575
  -1960  -3928  -5724   -688    400  -1346
  -1784  -3544  -5716   -672    504   -990
  -1604  -3584  -5716   -720    473   -646
  -1688  -3616  -5588   -736    545   -425
  -1780  -3752  -5796   -720    243     40
  -1776  -4076  -5416   -704    165    121
  -1908  -4244  -5592   -672   -100    106
  -2192  -4364  -5548   -720   -583    232
  -2176  -4752  -5456   -720   -878     38
  -2228  -5208  -4332   -720  -1019   -202
  -2340  -4728  -5456   -720  -1316   -375
  -2264  -4452  -5760   -704  -1340   -237
  -2444  -4524  -5548   -704  -1276   -249
  -2556  -4620  -5532   -704   -989   -319
  -2436  -4564  -5556   -688   -534   -317
  -2588  -4652  -5480   -720   -255   -165
  -2496  -4780  -5748   -720    158   -146
  -2788  -4892  -5448   -736    540   -215
  -2664  -5096  -5300   -704    620   -329
  -2760  -5176  -5640   -704    723   -689
  -2736  -5236  -5432   -720    666   -975
  -2656  -5048  -5444   -688    444  -1136
  -2544  -4916  -5476   -736    380  -1406
  -2368  -4500  -5352   -688    184  -1533
  -2104  -4208  -5632   -704     20  -1518
  -1760  -3756  -5440   -720     76  -1431
  -1808  -3696  -5468   -688    -80  -1084
  -1728  -3568  -5760   -720    -29   -751
  -1700  -3428  -5600   -688     43   -414
  -1572  -2760  -6176   -720    308    761
  -1896  -3672  -5528   -672    -66    188
  -2044  -4128  -5692   -672   -222    435
  -2292  -4648  -5512   -704   -491    565
  -2344  -4756  -5408   -688   -634    397
  -2464  -4908  -5292   -752   -930    204
  -2336  -5372  -4972   -720  -1050   -342
  -2668  -5092  -5736   -720  -1115   -353
  -2636  -4876  -5592   -704  -1193   -309
  -2580  -4832  -5400   -736   -889   -653
  -2588  -4788  -5604   -736   -506   -748
  -2512  -4872  -5356   -704   -297   -689
  -2924  -4228  -6216   -656    429   -580
  -2660  -4548  -5688   -720    628   -402
  -2536  -4808  -5492   -688    774   -526
  -2584  -4632  -5772   -672    939   -784
  -2592  -4668  -5596   -688    868   -744
  -2488  -4808  -5452   -704    748   -945
  -2432  -4784  -5256   -720    717  -1051
