  -2120  -3772  -5688    240    -96   -510
  -2132  -3840  -5728    256   -106   -486
  -1960  -3808  -5712    224     23   -538
  -2116  -3816  -5672    272    160   -422
  -2012  -4020  -5620    256     58   -355
  -2032  -3664  -5588    288     46   -469
  -1984  -3680  -5464    272     63   -656
  -1820  -3712  -5692    288     11   -715
  -1880  -3480  -5672    256    -51   -537
  -1964  -3604  -5664    256      1   -414
  -1864  -3516  -5836    240    -44   -337
  -1928  -3592  -5812    272    -98   -459
  -1884  -3600  -5488    256   -319   -477
  -2000  -3760  -5748    240   -415   -574
  -1816  -3740  -5772    304   -215   -496
  -1920  -3708  -5712    208   -137   -344
  -1920  -3720  -5700    272   -188   -253
  -1924  -3796  -5744    240   -192   -558
  -1952  -3620  -5692    288   -262   -579
  -2024  -3832  -5644    208   -250   -578
  -1804  -3892  -5692    192    -68   -551
  -1924  -3680  -5924    272    -85   -483
  -1960  -3424  -5676    288    -82   -486
  -2196  -3540  -5612    272     50   -696
  -2204  -4056  -5940    208   -232   -545
  -3792  -5420  -5568    240   -246  -1054
  -2392  -7376  -5020    224  -2486    316
  -4852  -7096  -5800    240   1170  -3897
  -1308  -5124  -5132    240  -1520  -2380
  -1452  -4600  -5808    240  -1515  -2560
  -2168  -3084  -7208    272   2107  -2286
   -384  -1492  -4940    192    663    179
  -2092  -2044  -6768    240   1892    142
    352  -1644  -5348    208   4072    349
  -1276  -1584  -6004    256   1260   2416
  -2704  -3912  -6400    240   4019   2354
  -1832  -3384  -4856    288   3438   1548
  -2968  -4676  -5696    208   -569   2011
  -2544  -6056  -5260    272    881   -806
  -2736  -4688  -5424    224  -1699   -747
  -3068  -5924  -5936    176  -3464   -114
  -2860  -4244  -4932    208  -1551  -3336
  -1700  -3312  -5832    224  -5171  -2076
  -2284  -3644  -5640    256  -4494  -2878
  -1336  -2232  -6128    240  -1369  -3342
   -716  -2684  -6136    272  -3452    -91
  -1680  -3376  -6224    224   -277   -348
   -756  -3528  -5764    192   1146    199
  -2304  -5000  -5916    224   -826   1877
  -2984  -6432  -5888    272   2598    497
  -2600  -6388  -4864    208   1932    819
  -3276  -7516  -5260    272    195    712
  -2736  -7912  -5200    240   1936  -2251
  -2560  -6324  -5104    240   -501  -2198
  -2816  -6468  -5692    208   -506  -2355
  -2188  -4400  -5616    192   1253  -3454
  -1232  -3048  -5864    192  -1077  -1300
  -1140  -2864  -5748    224    563  -1766
   -628  -1408  -5952    240   1934  -1520
   -468  -1380  -6156    192     -9   1214
  -1200  -1800  -6020    224   2649    911
   -848  -2068  -5664    208   2636   2137
  -2164  -3208  -5432    224    489   3018
  -2540  -4428  -5656    224   2084   1147
  -2292  -4648  -5380    208   -349   1508
  -3432  -5936  -5368    208  -1716   1142
  -3000  -5732  -5476    192   -738   -729
  -2820  -5096  -5036    208  -3668   -644
  -3140  -5316  -5688    208  -3563  -2083
  -2296  -3880  -5548    208  -2723  -3378
  -1848  -3620  -5960    192  -4079  -1967
  -1772  -3876  -6032    224  -1672  -2245
  -1024  -3036  -5944    176   -347  -1321
  -1172  -3608  -6100    240   -832    331
  -1872  -4384  -5940    192   1987   -450
  -1864  -4732  -5748    208   1875    801
  -2832  -6320  -5608    176   1423   1180
  -2588  -6580  -5196    224   3491   -604
  -2032  -6636  -5020    192    977   -654
  -2712  -6956  -5480    240    325  -1716
  -2336  -5944  -5632    192   1505  -3009
  -1872  -4920  -5496    208   -904  -1601
  -1876  -4172  -5828    192    134  -2254
   -704  -2376  -5500    240    209  -2340
   -780  -1900  -6056    192  -1559   -699
   -864  -1924  -6428    176    940   -789
   -596  -1092  -5924    208    676    963
  -1220  -2168  -5948    192    -92   2427
  -1864  -2872  -5588    224   2027   1399
  -2092  -3268  -5760    224    -19   2541
  -3040  -5124  -5620    208   -418   2163
  -2916  -5376  -5308    176    629    658
  -3040  -5980  -5196    224  -2384   1350
  -3512  -6572  -5152    208  -1955   -762
  -2944  -5432  -5380    208  -1921  -2247
  -2868  -5268  -5520    224  -4052  -1646
  -2712  -4892  -5844    240  -1546  -3238
  -1724  -3604  -5780    176  -1566  -2651
  -1484  -3840  -5988    192  -1939  -1343
  -1244  -3616  -6052    192   1378  -1945
  -1064  -3192  -5832    160    942   -149
  -2028  -4656  -5848    208   1519    639
  -1560  -4620  -5580    160   3613   -174
  -1848  -5128  -5436    160   1657    647
  -2692  -6212  -5464    192   1944   -465
  -1936  -5692  -5292    192   2018  -1532
  -1956  -5880  -5160    176   -395   -686
  -2052  -5308  -5544    160    685  -1994
  -1404  -4028  -5364    176   -322  -1821
  -1392  -3472  -5600    160  -1986  -1119
  -1244  -2720  -5928    144   -319  -1858
   -680  -2000  -5908    192  -1276   -232
  -1144  -2032  -6056    192   -954    768
  -1080  -2164  -6112    160    667    640
  -1632  -2428  -6032    192   -673   2106
  -2500  -3856  -5976    176    208   1966
  -2660  -4380  -5576    192    877   1707
  -3076  -5432  -5540    208   -849   2182
  -3464  -6412  -5416    176   -163    315
  -3160  -6144  -5312    160  -1166   -679
  -3404  -6444  -5376    208  -2416  -1060
  -3252  -5892  -5700    192   -992  -2696
  -2536  -4824  -5592    144  -1885  -2460
  -2456  -4664  -5668    176  -1606  -2786
  -1572  -3716  -5844    160     64  -3286
  -1152  -3196  -6044    176   -483  -1663
  -1292  -3436  -6116    208   1283  -1017
  -1040  -3380  -5732    208   2571   -401
  -1388  -3776  -5916    224   1477    721
  -1644  -4404  -5488    192   2810   -266
  -1508  -4868  -5468    144   1979   -140
  -1896  -5408  -5648    208    640    428
  -1816  -5528  -5308    144   1514   -722
  -1700  -4968  -5176    224   -509   -420
  -2000  -5000  -5548    160  -1313   -873
  -1348  -3804  -5572    176   -802  -1762
  -1432  -3156  -5872    128  -2426   -451
  -1452  -3144  -5932    160  -1482   -338
  -1008  -2456  -5780    176   -677   -245
  -1356  -2640  -5896    208  -1727    965
  -1660  -3400  -5904    176   -139    640
  -2032  -3460  -5780    160    411   1393
  -2792  -4440  -5892    192   -116   2338
  -3112  -5424  -5404    240   1135   1100
  -3168  -5832  -5456    176    -39    507
  -3440  -6428  -5524    160   -780   -503
  -3224  -6344  -5288    208    -64  -1934
  -3164  -5896  -5520    176  -1129  -1842
  -2940  -5420  -5528    144   -798  -2598
  -2164  -4440  -5484    192   -368  -3473
  -1544  -3784  -5680    192  -1201  -2863
  -1500  -3468  -6012    208    306  -2753
   -640  -2760  -6116    144   1124  -1576
  -1028  -3168  -5948    160    859   -163
   -852  -3232  -5732    224   2198   -463
  -1016  -3332  -5580    144   1425    177
  -1460  -4404  -5784    160    973    691
  -1500  -4712  -5572    224   1759    353
  -1500  -5148  -5348    176    143   1027
  -2000  -5432  -5316    128   -421    253
  -1764  -5008  -5388    144   -697   -744
  -1912  -4720  -5488    160  -2320   -317
  -2052  -4408  -5980     96  -1517   -619
  -1596  -3532  -5628    112  -1555   -332
  -1876  -3612  -5652    112  -2110    174
  -1500  -3432  -5792    160   -643   -457
  -1612  -3212  -5980    144   -708    432
  -2388  -4080  -5988    112    -49   1309
  -2576  -4352  -5908    128   1515   1104
  -2760  -4904  -5488    160    689   1394
  -3356  -5804  -5660    128    688    195
  -3100  -6020  -5456    144    987  -1102
  -3128  -5852  -5528    112   -241  -1058
  -3104  -6072  -5448    160    249  -2115
  -2624  -5148  -5524    176     24  -2813
  -2244  -4576  -5568    176  -1097  -2927
  -1672  -3996  -5696    144   -214  -3500
  -1016  -3052  -6116    112   -306  -2544
   -876  -2908  -5832    128    -46  -1399
  