  13020 -11128  -8400   5999   -230   -272
  13192 -11096  -8412   5873   -193   -291
  13156 -10924  -8300   5929   -176   -171
  12996 -11060  -8436   6063   -232    -49
  13004 -11212  -8284   5888   -152   -161
  12964 -11056  -8228   5954   -203   -117
  13084 -11072  -8308   6149   -279    -87
  13064 -11072  -8212   5954   -181   -174
  13100 -11052  -8244   6031   -206    -55
  13160 -11080  -8396   6066   -297    -42
  12032 -14444  -9612   5764   1187   1233
   9012 -12340  -7312   3934    818   -944
   9712 -12400  -7080   9955  -3408  -2877
  12648 -13760 -11208  11413  -6114    -44
  15164 -10720  -9032  10732  -7128  -4375
  14628  -8412  -9896  13089  -4375  -2194
  12952  -9384  -8528   8193  -2824   1219
  10948 -12192  -7032   8123  -3519  -2977
  14916  -9328 -10716   7204  -3571  -1420
  16464  -9912  -9124   7463  -2868   1254
  13600 -10556  -9428   8347   -578  -1563
  14212  -7388  -6940   4048   1012    558
  12940 -11288  -7180   5182    455   2488
  13844 -11112 -10376   2872    723   -707
  15516  -8764  -9980   2900   1640   1638
  12812 -12604  -8680   5647   2716   2479
  12616 -11700  -8652   2069   3471   -891
  12908  -9392  -6852   3379   1896   1211
  12296 -12356  -8772   4226    936   1347
  14064 -11800  -8792   3248   1996  -1375
  12732 -11424  -8948   6562   1907    842
  11208 -12492  -8796   5822   1374     58
  12300 -11516  -7484   6265    176  -2375
  12628 -10676  -8764   7234  -1465     15
  11976 -12248  -9092   6629  -1067  -1006
  13208 -12056  -9580   7869   -436  -2445
  12992 -10592  -8888   7663   -476     73
  11316 -10956  -7528   7676  -1277  -1392
  13340 -10228  -8932   6997  -1968  -1701
  13712 -11044  -9036   6578  -1494    922
  11936 -12160  -9568   6975   -841   -952
  13644 -10188  -9128   6131     40   -520
  12492 -10732  -8108   6984   -820   1464
  11848 -10952  -8380   5268   -729   -444
  14080 -10060  -8840   5023   -776    564
  13248 -12372  -9992   6112   -575   1690
  12744 -11352  -9256   5097    319   -516
  13244  -9756  -7924   6310    113    741
  12656 -11372  -8504   5402   -595   1334
  13044 -11124  -8436   4461   -289   -604
  13680 -10812  -9216   6174   -489    612
  13268 -11960  -9192   5760    166    571
  12940 -10852  -8024   6177    209  -1198
  12900 -10068  -7868   6220   -433    210
  12904 -11820  -8416   5687   -463    -90
  13736 -11572  -9172   6218   -243  -1548
  13488 -10660  -9048   6927    120    -67
  12424 -11388  -8232   6954    279   -754
  12980 -10708  -8392   6192   -146  -1574
  12864 -10584  -8776   5662   -509    -21
  12700 -11972  -9328   6645    -88   -705
  13608 -11352  -9280   6318    534  -1174
  12744 -10808  -8440   6677    495    208
  11712 -11252  -8248   5911    290   -651
  13156 -10664  -8632   5649   -137   -465
  12852 -11540  -9268   5983   -329    697
  12420 -11684  -9304   5929     97   -426
  13104 -10872  -8952   6222    187     52
  12084 -11112  -8512   6168   -324    884
  12160 -10988  -8168   5145   -440   -272
  13344 -10876  -9220   5860   -959    509
  13032 -11948  -9420   5832   -619    841
  12692 -11108  -8712   5998   -266   -387
  12908 -10396  -8336   5966   -483    540
  12716 -11260  -8344   5548   -734    565
  13112 -10980  -9060   5706  -1080   -498
  13592 -10836  -9268   5822   -555    411
  13016 -11644  -8868   6323   -346    -49
  12988 -10756  -8396   5777   -186   -829
  13084 -10304  -8176   6200   -535    181
  12952 -11548  -8596   5852   -495   -421
  13720 -11120  -9136   5898   -176   -928
  13240 -10868  -8768   6864    -65    -62
  12652 -11296  -8572   6573    156   -747
  13020 -10764  -8124   5898    191   -858
  12736 -11012  -8448   5936     84     74
  12932 -11796  -9036   5889    191   -700
  13452 -11236  -9108   6232    509   -644
