  13368 -10872  -7696   5332    335    321
  13388 -10848  -7676   5291    344    311
  13420 -10992  -7472   5322    287    413
  12964 -11204  -7452   5461    136    447
  13332 -11020  -7700   5569     22     25
  13448 -10936  -7852   5707   -136    170
  13492 -11164  -7644   5952   -284    185
  13584 -11104  -7636   6207   -181   -105
  13472 -10760  -7748   6334   -183   -158
  13676 -10816  -7588   6256   -246    -67
  13528 -11016  -7644   6266   -190   -214
  13532 -10944  -7772   6305   -140   -432
  13524 -10904  -7504   6259   -156   -428
  13388 -10940  -7708   6268   -233   -386
  13256 -10948  -7620   6253   -245   -450
  13340 -10964  -7772   6286   -231   -432
  13316 -11004  -7948   6295   -226   -302
  13256 -11008  -7788   6288   -246   -275
  13268 -11064  -7888   6128   -189   -261
  13376 -11140  -7652   6032   -282    -77
  10804 -13184  -7872   6154   -911     75
   9400 -13164  -8432   7433  -1996  -1580
  12240 -12052  -9804   8843  -4931   -495
  11700 -12128  -8660   9208  -4715   -265
  11836 -10720  -8936  10117  -5505  -1574
  12672  -9196  -9116   8153  -5042    163
  12760 -12232  -9704   9219  -6186     -2
  14720 -10696 -11260   7669  -5183   -978
  14440 -10120  -8556   9874  -3373    -52
  13464  -9888  -8180   7841  -2691    462
  13520  -9104  -7004   5598  -2227    104
  14536 -10236  -9248   5871  -2374    634
  15900 -10448 -10260   4171   -500    854
  14584 -10588  -8076   5649   1148    154
  13660  -9844  -8568   4444   2401    679
  13240 -10660  -6780   3364   2241    571
  13152 -11036  -8952   3970   1509   -280
  14144 -11156  -9160   3403   2479   -147
  13552 -12316  -9440   5721   2849   -343
  12964 -11240  -8612   5212   3284   -878
  11804 -10948  -7428   5347   2738   -711
  12156 -11516  -8564   5713   1762   -634
  12488 -11804  -8496   5282   1663  -1093
  12224 -11940  -9196   6594   1001  -1111
  12088 -12004  -9092   6836    849   -807
  11616 -11992  -8996   7380    323  -1111
  11580 -11120  -8656   7448   -473   -895
  11580 -11272  -8504   6808  -1120   -342
  11752 -11704  -8876   6633  -1747   -464
  12484 -11188  -9488   6006  -1894   -110
  12808 -11580  -9852   6815  -1686    646
  12848 -11416  -9556   6524  -1374    430
  12532 -10580  -8072   6545  -1493    674
  12232 -10592  -8108   5671  -1903   1217
  13108 -11140  -8916   4834  -1916    826
  13600 -11560  -9336   5679  -1791    711
  13732 -10960  -9284   5925  -1190    988
  13148 -10780  -8116   6272   -989    596
  13300 -10564  -7812   5562  -1065    387
  13540 -10628  -7884   5301  -1241    513
  13684 -11424  -9112   5678   -846      5
  14188 -11208  -9036   5981    -51   -411
  13456 -10832  -8196   6917    271   -409
  13156 -10680  -7744   6275    342   -812
  13452 -10936  -8084   5818    220  -1046
  13568 -11392  -8980   6110    337   -961
  13536 -11524  -9024   6425    964  -1288
  13120 -11380  -8860   7221   1244  -1362
  12652 -10888  -8200   6804   1074  -1079
  12348 -10968  -8260   6125    719  -1053
  12620 -11452  -9068   5901    561  -1036
  12920 -11688  -9616   6158    835   -710
  12252 -11572  -9084   6621    963   -613
  11876 -11188  -8492   6193    936   -464
  11824 -11052  -8504   5812     65    -51
  11932 -11348  -9060   5714   -481    152
  12492 -11592  -9192   5872   -644    261
  12508 -11724  -9544   6074   -624    590
  12328 -11272  -8764   6115   -665    655
  12232 -10900  -8264   5865  -1041    661
  12620 -10936  -8676   5412  -1465    920
  13032 -11160  -9056   5342  -1531    817
  13224 -11216  -9192   5728  -1227    632
  13304 -11068  -8416   5979   -979    668
  12992 -10948  -8100   5916  -1085    517
  13168 -10632  -8100   5500  -1189    330
  13404 -11008  -8512   5599  -1175    216
  13840 -11332  -9016   5738   -763    -43
  13616 -11080  -8592   6141   -255   -369
  13412 -10764  -8296   6344    -68   -480
  13200 -10852  -8020   5993    -17   -662
  13412 -11052  -8352   5996     46   -855
  13492 -11244  -8912   6157    306   -867
  13416 -11444  -8852   6597    719   -988
  13004 -11136  -8428   6776    835  -1102
  12696 -10972  -8232   6448    763   -946
  12696 -11260  -8496   6131    640   -833
  12728 -11480  -9028   6059    677   -803
  12676 -11440  -9232   6394    788   -701
  12404 -11348  -8908   6449    837   -475
  12116 -11124  -8548   6243    579   -389
  12120 -11064  -8576   6006     73   -133
  12268 -11376  -9024   5805   -206    138
  12468 -11632  -9228   6090   -369    219
  12432 -11340  -9220   6210   -408    335
  12404 -11032  -8716   6104   -649    515
  12444 -11076  -8488   5747  -1020    561
  12828 -11040  -8828   5550  -1276    621
  13068 -11148  -8948   5706  -1189    639
  13072 -11200  -8804   5830  -1012    458
  12984 -10900  -8448   5924  -1020    392
  12920 -10720  -8340   5628  -1089    419
  13108 -11000  -8408   5530  -1101    239
  13564 -11132  -8836   5624  -1023     55
  13520 -11096  -8672   5994   -700    -39
  13516 -11008  -8320   6084   -367   -300
  13392 -10836  -8048   5964   -255   -468
  13344 -10976  -8332   5914   -186   -484
  13428 -11124  -8596   5890      0   -693
  13544 -11364  -8636   6200    365   -772
  13072 -11248  -8596   6568    520   -764
  12940 -11040  -8348   6399    645   -862
  12884 -11156  -8484   6251    532   -767
  12908 -11356  -8804   6144    591   -625
  12860 -11372  -8944   6161    753   -645
  12684 -11304  -8924   6427    690   -645
  12520 -11176  -8588   6459    651   -382
  12224 -11192  -8644   6275    356   -240
  12388 -11332  -8896   6030     96   -153
  12544 -11404  -9184   6108    -77     86
  12352 -11316  -9188   6243   -145    118
  12368 -11204  -8920   6130   -275    163
  12484 -11032  -8856   5937   -571    376
  12488 -11112  -8908   5739   -804    402
  12836 -11112  -9148   5629  -1021    385
  13008 -11120  -9028   5890   -952    474
  12848 -11004  -8696   5750   -871    351
  13032 -10860  -8504   5741   -982    234
  13048 -10852  -8616   5727  -1292    274
  13164 -11100  -9012   5809  -1116    216
