13088 -11240  -8064   6039   -193   -162
  13088 -11140  -8312   6068   -210   -186
  12924 -11252  -8220   6042   -171   -146
  13040 -11196  -8196   6065   -225   -134
  13116 -11136  -8248   5994   -281   -171
  13092 -11100  -8360   6009   -255   -141
  13068 -11244  -8260   6011   -198   -185
  13052 -11232  -8192   6037   -203   -175
  13076 -11224  -8176   6057   -230   -143
  12900 -11280  -8220   6095   -233   -165
  13076 -11388  -7980   6163   -247   -202
  13060 -11228  -8076   6278   -279   -161
  13196 -10752  -7976   6260   -258   -208
  10348 -13788 -10156   8332   1519   1004
   7860 -14744 -10544   6666   -226   -188
  14208  -9480 -10296   2717  -3350  -1546
   8408 -15812  -6048  16369  -5342  -1441
  13132 -10764 -13960  11391  -6380  -3269
  13836  -9792  -5588   7339  -5626  -2515
  11068 -11668  -8704  15075  -4523   -696
  13968  -8052 -11924   1775  -2674  -1132
  12072 -12648  -6284  10085  -2650   -721
  14860 -10568 -11932   7221  -2463   -227
  15748  -7840  -6224   5259  -1053   -408
  13064 -10544  -7964   9175  -1231    818
  14740  -9628  -9836   -222   1529   1534
  12312 -12208  -6736   5384   1660    930
  13736 -11104 -12280   4718   1416   1434
  14412 -10072  -7612   2479   2696   1271
  11668 -11912  -7636   6246   2570    871
  13176 -10096  -9428   1403   2578   1082
  11944 -13112  -7704   4776   2056    438
  13108 -11908 -11020   5832   1135   -492
  13568 -10508  -7744   4962   1430     42
  11144 -12828  -7624   8279    861   -585
  12788 -10848  -8728   5420    244  -1274
  12188 -11760  -7960   7317  -1017   -897
  12404 -12280 -10124   8254  -1307  -1632
  13812 -10396  -8836   7352   -826  -1694
  11668 -11504  -8184   8823  -1516  -1002
  12512 -10344  -8924   6084   -831  -1354
  12996 -10928  -8568   6519  -1292   -921
  12700 -11508 -10148   7085  -1435   -129
  13304 -10512  -8876   5773   -487   -500
  12420 -11308  -8752   7255  -1141     33
  12600 -10664  -8544   4913   -383    675
  12596 -11120  -7972   5630   -899    187
  13376 -11300 -10108   5574   -858    887
  13284 -11328  -8584   4563    -65    950
  12400 -11424  -8592   6667   -477    243
  13272 -10532  -8600   4430   -397    916
  12796 -11472  -7752   5883   -736    631
  12984 -11308  -9496   5450   -735    116
  13820 -10996  -8252   5424    -22    592
  12816 -11824  -9024   7304   -484    -67
  13160 -10496  -8244   4936   -119   -482
  12992 -10908  -7524   7196   -676   -120
  13292 -11496  -9516   6150   -602   -693
  13720 -10892  -8200   6437     65   -911
  12884 -11120  -8872   7815   -136   -570
  13044 -10944  -8748   5942    420  -1018
  12992 -10856  -7988   6806    -11  -1005
  12728 -11028  -9288   6161    243   -481
  13160 -11328  -8580   5831    763   -808
  12848 -11312  -9264   6852    236   -806
  12348 -10776  -8828   6116    746   -269
  12232 -11212  -8476   6322     19   -594
  12672 -11204  -8816   5664     37   -175
  12464 -11300  -8964   5613    -56      8
  12108 -11664  -9444   5835    218   -154
  12768 -11020  -8708   5694     -5    282
  12196 -11276  -8528   5952   -712    291
  12480 -11176  -8744   5375   -709    167
  13032 -11248  -8948   5752   -713    574
  12512 -11564  -9004   6126   -826    412
  12944 -10784  -8612   5333   -288    255
  12732 -11112  -8360   6623  -1071    520
  13024 -11128  -8608   5355   -947    235
  13116 -11040  -8428   6145   -832     89
  13212 -11388  -9164   5921   -691    201
  13192 -11172  -8228   5835   -173    -75
  12916 -10740  -8088   6281   -574   -305
  13188 -10888  -8656   5562   -346   -101
  13516 -11244  -8560   6403   -394   -488
  13284 -11032  -9484   6306   -403   -586
  13256 -10924  -8656   6316    311   -401
  12880 -11160  -8236   6740    116   -763
  13064 -10744  -8568   6104    184   -605
  12720 -11156  -8504   6394    237   -417
  12972 -11680  -9256   5715    882   -644
  13436 -11632  -8668   7431    632   -401
  12260 -11196  -8216   6579    516   -460
