  13124 -10868  -8576   6064   -232   -154
  13120 -10892  -8576   6058   -259   -169
  13156 -10932  -8540   6036   -226   -178
  13232 -11012  -8568   6114   -271   -141
  13180 -10888  -8444   6117   -231   -174
  13028 -10852  -8248   6127   -242   -146
  13224 -10804  -8592   6089   -223   -146
  13144 -10976  -8676   6114   -225   -186
  13036 -10904  -8480   6101   -233   -148
  13112 -10980  -8624   6063   -235   -191
  13200 -10936  -8444   6107   -248   -139
  13208 -10944  -8556   6137   -239   -146
  13252 -10864  -8664   6141   -219   -204
  13188 -11124  -8600   6090   -237   -176
  13120 -10844  -8536   6136   -236   -137
  13204 -10852  -8632   6111   -249   -206
  13236 -10848  -8668   6101   -229   -177
  13156 -10860  -8596   6146   -223   -142
  13020 -11068  -8524   6041   -253   -186
  13176 -10892  -8520   6088   -234   -216
  13052 -10848  -8580   6100   -236   -168
  13148 -10764  -8504   6059   -232   -147
  12992 -11008  -8684   6048   -232   -156
  12060 -11712  -7628   5852   -765   -276
  10552 -15336  -7372   6795  -3079  -3244
  10376 -11648  -8708  11419  -6297  -2494
  12368 -15648 -10144  16094  -7771  -2526
  13696 -13068  -9856  16753  -7325  -6250
  14032  -7476  -7544  16435  -7885  -3981
  12716  -8368  -8476  14569  -8163  -2308
  15360 -10432 -10968  12032  -6302  -4215
  15424  -8352 -10516  11707  -3729  -2216
  14376  -9104  -9276   9902  -1062   -268
  15792  -8972  -8536   7272    802   -858
  14168  -6904  -8256   4769   1481   1513
  12580  -8692  -8908   2220   2362   2677
  15092 -11472 -10684   1534   3998   1663
  14176 -10628 -10316   1519   4966   3169
  11000  -9504  -7872   1553   4754   3021
  12356 -10704  -8444    673   3702   1445
  13448 -11404  -9260    974   2289   2513
  11252 -12184  -9140   2558   1600   1618
  12660 -12760  -9604   3833   1378   -465
  13292 -12504  -8496   6205     86   -100
  10444 -11532  -7132   6953  -1705  -1237
  11816 -10888  -7368   7318  -3370  -2723
  14288 -12232  -9128   8539  -4292  -1999
  13000 -11524  -9192   8956  -3948  -2577
  13236 -10344  -8948   9380  -3212  -3209
  14256 -11236  -8796   9660  -2870  -1891
  13068 -10520  -7776   8590  -2806  -2082
  12960  -9280  -7840   7586  -2476  -2136
  15100 -10736  -9476   6849  -1531   -482
  14440 -11272  -9432   6295     98   -442
  13244  -9372  -8320   5752   1437   -191
  13560 -10200  -8040   4996   1870   1462
  13360 -11368  -8316   3913   1985   1244
  12932 -10264  -8840   3560   2174   1326
  13124 -11364  -9300   4363   2466   2322
  13452 -12208  -9324   4547   2759   1476
  12432 -10172  -8024   4697   2281   1366
  11976 -10480  -7928   4887   1296   1938
  13216 -12208  -9008   4964    634    915
  13080 -11368  -9308   6005    223    511
  12252 -11072  -8824   7186   -269    585
  12936 -11600  -8688   7537   -853   -619
  12968 -10436  -8364   7645  -1809   -854
  12376  -9948  -8568   7527  -2492   -723
  13792 -11036  -9640   7366  -2282  -1634
  14180 -10660  -9456   7565  -1851  -1468
  12588  -9960  -8412   7506  -1668  -1174
  13008 -10216  -8108   6777  -1701  -1711
  14060 -10460  -8616   6131  -1843  -1276
  13236 -10376  -8728   5917  -1563   -957
  13692 -10780  -9180   5697   -721  -1224
  14276 -10920  -8992   5602    -70   -692
  13016 -10564  -8160   5219    122   -344
  12656 -10424  -8044   4600    123   -395
  13812 -11536  -8956   4586    255    228
  13268 -11772  -8856   4911    703    348
  12728 -11076  -8560   5432   1067    155
  13112 -11432  -8208   5688    909    721
  12772 -11664  -8024   5663    471    628
  12628 -10940  -8152   5809    191    472
  13344 -11424  -8900   6335    202    912
  13456 -11792  -9052   6820    421    582
  12692 -10576  -8320   7011    292    364
  12764 -10476  -8176   6993   -105    686
  13312 -11208  -8736   6729   -417    260
  13260 -10560  -8820   6779   -439     93
  13216 -10424  -9076   7071   -251    268
  13564 -10808  -9004   6838    -57   -162
  13148 -10056  -8476   6593   -269   -324
  12940  -9880  -8632   6178   -621   -137
  13620 -10792  -9168   5757   -549   -519
  13724 -10600  -9348   5794   -301   -609
  12940 -10224  -8564   5828   -133   -493
  13108 -10644  -8336   5508   -206   -803
  13328 -10680  -8652   5190   -525   -782
  12924 -10616  -8728   5139   -653   -617
  13360 -11200  -9016   5265   -468   -784
  13452 -11324  -8932   5512   -249   -753
  12728 -10976  -8112   5644   -311   -625
  12724 -10948  -8176   5501   -558   -596
  13340 -11552  -8688   5610   -727   -391
  13024 -11384  -8688   5902   -594   -285
  13012 -11268  -8472   6289   -289   -223
  13320 -11412  -8240   6515   -218     56
  12996 -11124  -8152   6463   -314    185
  12916 -10828  -8036   6420   -421    265
  13600 -11320  -8820   6554   -251    492
  13496 -11332  -8692   6764     67    470
  12988 -10688  -8280   6880    262    474
  13176 -10704  -8316   6689    168    603
  13456 -10796  -8636   6444      5    440
  13176 -10496  -8696   6410     22    310
  13472 -10648  -9108   6537    177    319
  13600 -10712  -9012   6525    279     77
  13084 -10220  -8520   6363    129    -91
  13020 -10228  -8496   6132   -143   -100
  13448 -10752  -9028   5912   -286   -370
  13376 -10620  -9104   5968   -236   -541
  13084 -10452  -8840   6053   -194   -584
  13156 -10636  -8660   5856   -274   -776
  13016 -10636  -8604   5643   -558   -814
  12928 -10632  -8684   5518   -744   -742
  13400 -11112  -9008   5578   -660   -789
  13376 -11116  -8868   5685   -483   -746
  12812 -10796  -8248   5716   -489   -671
  12940 -11012  -8420   5588   -588   -564
  13368 -11180  -8512   5545   -697   -384
  13088 -11240  -8628   5705   -556   -257
  13248 -11216  -8644   6022   -339   -122
  13200 -11308  -8516   6013   -181     58
  12956 -11012  -8372   6058   -240    169
  13012 -10964  -8304   6072   -336    314
  13456 -11228  -8884   6243   -284    451
  13388 -11264  -8720   6568    -77    399
  13140 -10748  -8428   6957     80    447
  13272 -10844  -8524   6684     59    459
  13372 -10788  -8492   6440     28    353
  13268 -10528  -8680   6540    -25    297
