     52  -1396  -5804  -1520   -305   -524
     64  -1356  -5648  -1552   -325   -545
    216  -1460  -5512  -1504   -306   -524
    252  -1488  -5612  -1520   -250   -510
    148  -1384  -5804  -1472   -220   -518
    192  -1532  -5540  -1456   -242   -525
     -8  -1264  -5464  -1456   -203   -511
    224  -1360  -5720  -1424   -267   -493
     76  -1476  -5652  -1440   -280   -491
     40  -1356  -5468  -1472   -285   -488
    276  -1444  -5540  -1424   -235   -534
    112  -1548  -5404  -1472   -218   -504
     16  -1272  -5480  -1440   -217   -536
     24  -1316  -5560  -1408   -286   -494
    132  -1440  -5500  -1424   -309   -508
    156  -1444  -5596  -1392   -285   -499
     80  -1484  -5572  -1408   -279   -513
    100  -1380  -5704  -1440   -221   -524
    240  -1448  -5600  -1456   -203   -545
    152  -1380  -5456  -1440   -241   -495
    140  -1456  -5584  -1440   -283   -486
     60  -1364  -5460  -1440   -246   -467
     84  -1520  -5428  -1424   -251   -484
    104  -1460  -5616  -1408   -274   -522
    176  -1448  -5540  -1408   -240   -547
    172  -1460  -5512  -1392   -218   -494
    -32  -1532  -5444  -1408   -237   -493
    -56  -1292  -5516  -1440   -283   -505
   -640  -1272  -5592  -1392   -394   -562
   -760  -1220  -6088  -1408   -632   -666
   -316  -1080  -5016  -1456   -457   -728
    668   -504  -5460  -1424   -574   -816
   1236   -732  -5388  -1408   -511   -641
   1616  -1392  -5276  -1408   -390   -338
    632  -1340  -5504  -1440    -95   -223
   -376  -1140  -5640  -1408      0   -305
   -860   -916  -5984  -1408   -310   -463
  -1020  -1340  -5928  -1424   -631   -485
   -476  -1428  -5864  -1424   -806   -567
   -100  -1672  -5608  -1408   -782   -491
    580  -1388  -5184  -1424   -637   -475
   1040  -1204  -5240  -1392   -465   -542
   1288  -1028  -5268  -1344   -266   -535
    880  -1388  -5584  -1424   -126   -428
     32  -1672  -5572  -1424    -65   -258
   -860  -1520  -5828  -1376    -12   -326
  -1132  -1488  -5852  -1376   -233   -470
   -892  -1380  -5836  -1392   -530   -594
     32  -1516  -5664  -1408   -538   -625
    680  -1416  -5556  -1360   -386   -561
    948  -1284  -5196  -1408   -128   -530
   1060  -1132  -5468  -1392     99   -545
    624  -1216  -5552  -1360    208   -476
    -96  -1380  -5708  -1376    262   -473
   -820  -1376  -5788  -1392    101   -415
   -836  -1536  -5660  -1376     10   -494
   -912  -1200  -5616  -1344   -166   -640
   -316   -968  -5620  -1376   -410   -680
    536   -976  -5540  -1376   -430   -698
   1308  -1288  -5496  -1392   -238   -626
   1120  -1168  -5536  -1376     14   -530
    832   -984  -5488  -1344    119   -458
    220   -984  -5480  -1360     46   -435
   -552  -1176  -5684  -1408    -81   -453
   -876  -1172  -5672  -1376   -244   -511
   -680  -1144  -5656  -1376   -527   -563
   -184  -1064  -5556  -1328   -612   -603
    520  -1064  -5204  -1392   -640   -620
    836  -1000  -5648  -1392   -575   -590
   1268  -1216  -5252  -1376   -415   -519
    888  -1256  -5580  -1360   -193   -389
    140  -1012  -5452  -1376   -152   -330
   -464  -1128  -5836  -1360   -283   -352
   -736  -1468  -5624  -1392   -473   -408
   -704  -1540  -5756  -1376   -616   -507
   -268  -1300  -5764  -1392   -679   -516
    292  -1300  -5568  -1376   -651   -567
    860  -1320  -5396  -1328   -535   -525
   1108  -1324  -5396  -1328   -293   -474
    784  -1364  -5328  -1376    -95   -417
    132  -1404  -5588  -1360     21   -361
   -252  -1428  -5640  -1360      7   -386
   -720  -1528  -5636  -1408   -102   -441
   -872  -1528  -5824  -1360   -331   -555
   -308  -1448  -5744  -1360   -392   -575
    364  -1400  -5404  -1360   -336   -635
    940  -1196  -5380  -1344   -176   -619
    920  -1160  -5408  -1376    -38   -588
    932  -1156  -5452  -1328    124   -514
    436  -1300  -5512  -1312    210   -453
   -212  -1324  -5744  -1344    158   -442
   -740  -1328  -5748  -1344     23   -512
   -636  -1256  -5824  -1376   -193   -630
   -316  -1016  -5764  -1360   -357   -700
    416  -1076  -5452  -1344   -425   -688
    768  -1040  -5468  -1344   -301   -648
   1024   -912  -5556  -1408   -151   -602
   1024   -888  -5540  -1360    -39   -446
    600  -1100  -5544  -1392    -35   -445
   -152  -1100  -5588  -1376    -64   -390
   -712  -1268  -5612  -1344   -246   -439
   -944  -1224  -5688  -1360   -475   -487
   -424  -1060  -5784  -1392   -600   -571
    200  -1188  -5556  -1344   -681   -611
    924  -1072  -5440  -1376   -605   -589
   1128  -1104  -5480  -1408   -476   -489
    812  -1348  -5316  -1376   -278   -419
    504  -1344  -5440  -1376   -193   -367
    -88  -1240  -5728  -1376   -208   -350
   -612  -1436  -5688  -1344   -329   -393
   -844  -1428  -5684  -1360   -467   -455
   -352  -1460  -5632  -1360   -591   -466
     -8  -1512  -5512  -1360   -632   -573
    780  -1392  -5288  -1344   -507   -576
    880  -1348  -5320  -1328   -302   -523
    752  -1272  -5236  -1328   -110   -453
    372  -1256  -5648  -1376    -23   -421
   -220  -1372  -5524  -1328     16   -438
   -620  -1544  -5804  -1344    -74   -479
   -636  -1596  -5736  -1392   -202   -552
   -540  -1480  -5832  -1344   -305   -576
     92  -1380  -5592  -1344   -326   -636
    448  -1244  -5588  -1344   -240   -646
    880  -1252  -5288  -1328    -75   -607
    856  -1260  -5516  -1376     74   -557
    412  -1116  -5432  -1376    160   -499
     28  -1280  -5640  -1344    156   -452
   -400  -1308  -5724  -1328    -11   -493
   -628  -1384  -5716  -1360   -147   -565
   -544  -1248  -5740  -1376   -302   -576
    148  -1160  -5636  -1376   -403   -680
    660  -1032  -5456  -1312   -369   -613
    992   -936  -5692  -1392   -307   -590
    996   -980  -5420  -1376   -141   -501
    612  -1120  -5568  -1312    -95   -451
    188  -1144  -5940  -1344   -125   -412
   -468  -1132  -5708  -1360   -250   -403
   -560  -1268  -5700  -1344   -447   -442
   -476  -1256  -5668  -1376   -603   -560
   -120  -1200  -5768  -1376   -653   -555
    464  -1288  -5580  -1328   -608   -541
    956  -1204  -5248  -1344   -504   -503
    948  -1176  -5392  -1376   -370   -414
    628  -1400  -5400  -1360   -210   -365
    -48  -1496  -5552  -1360   -173   -381
   -344  -1444  -5648  -1360   -267   -390
   -648  -1588  -5820  -1344   -374   -451
   -540  -1428  -5736  -1296   -500   -474
    -64  -1384  -5464  -1360   -527   -516
    396  -1228  -5204  -1408   -460   -559
    816  -1496  -5360  -1328   -285   -557
    832  -1424  -5476  -1360   -137   -489
    420  -1252  -5624  -1328      3   -422
    152  -1500  -5364  -1376     37   -408
   -448  -1440  -5552  -1344     -8   -443
   -700  -1428  -5660  -1360    -68   -540
   -468  -1180  -5660  -1376   -210   -590
   -232  -1220  -5656  -1376   -315   -652
    324  -1192  -5348  -1360   -265   -624
    800  -1332  -5460  -1312   -158   -633
    836  -1196  -5672  -1376      6   -534
    500  -1220  -5468  -1424     95   -499
     88  -1020  -5612  -1360     70   -464
   -356  -1196  -5572  -1392    -37   -473
   -580  -1332  -5864  -1344   -151   -520
   -516  -1240  -5584  -1360   -297   -591
    -84  -1088  -5664  -1360   -388   -623
    380  -1104  -5716  -1344   -427   -612
    804  -1020  -5528  -1344   -370   -543
    872  -1232  -5388  -1360   -288   -508
    732  -1088  -5716  -1344   -208   -450
    324  -1144  -5560  -1376   -138   -392
   -184  -1248  -5768  -1344   -270   -402
   -484  -1404  -5572  -1360   -400   -446
   -472  -1360  -5784  -1344   -585   -479
   -112  -1176  -5764  -1344   -622   -507
    372  -1376  -5372  -1328   -605   -520
    684  -1292  -5440  -1328   -529   -510
    760  -1340  -5584  -1376   -416   -463
    532  -1320  -5500  -1344   -255   -391
    240  -1244  -5556  -1296   -160   -397
   -388  -1476  -5612  -1360   -189   -384
   -536  -1488  -5592  -1376   -309   -437
   -496  -1436  -5628  -1376   -438   -500
   -196  -1420  -5436  -1360   -445   -515
    232  -1356  -5380  -1392   -402   -552
    588  -1292  -5400  -1344   -278   -572
    728  -1252  -5412  -1392   -112   -509
    488  -1376  -5348  -1360     -7   -489
    148  -1328  -5412  -1360     20   -449
   -140  -1344  -5804  -1344     60   -431
   -516  -1352  -5640  -1360    -16   -521
   -480  -1356  -5848  -1360   -158   -619
   -268  -1216  -5544  -1344   -282   -645
    156  -1232  -5572  -1376   -276   -651
    668  -1252  -5576  -1312   -196   -597
    848  -1124  -5560  -1328    -86   -581
    604  -1076  -5572  -1360     17   -519
    140  -1116  -5564  -1280     52   -480
   -108  -1224  -5672  -1360    -17   -475
   -280  -1160  -5640  -1360   -136   -499
   -400  -1256  -5588  -1376   -296   -572
   -100  -1036  -5604  -1392   -421   -595
    140  -1072  -5752  -1344   -466   -604
    532  -1152  -5580  -1360   -478   -543
    736  -1236  -5596  -1392   -358   -482
    748  -1096  -5436  -1312   -236   -469
    260  -1224  -5712  -1344   -226   -408
   -152  -1232  -5456  -1296   -238   -371
   -256  -1328  -5748  -1328   -422   -418
   -360  -1392  -5772  -1360   -495   -453
   -140  -1376  -5688  -1376   -579   -482
     48  -1316  -5712  -1328   -589   -504
    560  -1304  -5568  -1360   -488   -532
    708  -1464  -5444  -1360   -415   -485
    764  -1332  -5480  -1344   -230   -411
    216  -1344  -5524  -1376   -174   -372
   -260  -1376  -5580  -1376   -178   -423
   -392  -1352  -5520  -1360   -212   -436
   -436  -1540  -5740  -1344   -297   -499
   -176  -1376  -5648  -1328   -355   -540
    192  -1196  -5472  -1328   -413   -573
    508  -1456  -5552  -1344   -267   -602
    712  -1288  -5460  -1344   -143   -595
    696  -1396  -5632  -1312    -17   -528
    352  -1224  -5424  -1344     65   -446
   -128  -1412  -5480  -1328     96   -472
   -480  -1292  -5704  -1344    -40   -495
   -444  -1312  -5556  -1360   -123   -579
   -240  -1164  -5504  -1376   -222   -635
    100  -1132  -5684  -1360   -259   -639
    476  -1016  -5452  -1344   -245   -618
    560  -1176  -5404  -1344   -141   -576
    804  -1088  -5620  -1360    -49   -516
    556   -956  -5472  -1312    -38   -488
     64  -1212  -5612  -1312    -36   -438
   -260  -1288  -5580  -1376   -177   -464
   -480  -1184  -5644  -1328   -350   -495
   -376  -1204  -5676  -1360   -393   -505
    176  -1296  -5584  -1344   -513   -560
    624  -1068  -5404  -1360   -473   -544
    720  -1024  -5408  -1360   -414   -493
    872  -1060  -5484  -1360   -308   -465
    408  -1188  -5508  -1376   -251   -365
    100  -1292  -5504  -1376   -295   -351
   -204  -1292  -5472  -1360   -367   -388
   -292  -1352  -5600  -1360   -430   -434
   -360  -1476  -5804  -1312   -519   -486
     84  -1340  -5632  -1312   -537   -488
    296  -1424  -5440  -1344   -487   -503
    656  -1432  -5572  -1328   -385   -516
    612  -1368  -5540  -1344   -236   -468
    552  -1464  -5488  -1376   -157   -428
     16  -1416  -5464  -1312    -94   -432
   -340  -1428  -5684  -1328   -165   -453
   -572  -1588  -5864  -1392   -236   -495
   -260  -1460  -5596  -1376   -286   -556
    -92  -1352  -5724  -1376   -305   -594
    432  -1312  -5536  -1376   -252   -608
    516  -1416  -5628  -1360   -168   -573
    664  -1364  -5568  -1296    -39   -549
    492  -1348  -5324  -1344     58   -534
    100  -1236  -5464  -1344    100   -494
   -280  -1312  -5712  -1344     34   -497
   -480  -1212  -5640  -1360    -94   -574
   -268  -1288  -5424  -1376   -227   -621
    -12  -1192  -5736  -1376   -282   -632
    404  -1088  -5556  -1392   -287   -601
    744  -1132  -5256  -1344   -250   -585
    588  -1024  -5456  -1360   -152   -530
    484  -1236  -5656  -1376    -60   -489
    200  -1136  -5500  -1344   -133   -465
   -264  -1116  -5500  -1328   -208   -453
   -388  -1332  -5688  -1328   -335   -473
   -232  -1224  -5772  -1328   -436   -525
   -108  -1032  -5444  -1376   -520   -528
    328  -1272  -5432  -1392   -510   -559
    624  -1196  -5388  -1344   -437   -517
    700  -1164  -5648  -1392   -362   -456
    544  -1300  -5536  -1312   -302   -396
    272  -1252  -5732  -1344   -265   -375
   -248  -1424  -5592  -1328   -286   -413
   -364  -1352  -5700  -1328   -380   -439
   -268  -1296  -5580  -1344   -478   -466
    144  -1356  -5476  -1408   -500   -500
    304  -1408  -5276  -1360   -467   -526
    512  -1436  -5264  -1392   -347   -524
    560  -1272  -5396  -1344   -257   -513
    444  -1412  -5572  -1328   -134   -473
    240  -1440  -5416  -1328    -80   -429
   -304  -1468  -5764  -1360    -94   -467
   -588  -1400  -5544  -1344   -154   -491
   -448  -1440  -5660  -1328   -225   -593
   -204  -1508  -5352  -1392   -242   -598
    268  -1416  -5620  -1376   -271   -628
    560  -1160  -5456  -1296   -198   -610
    604  -1368  -5664  -1376    -67   -562
    584  -1116  -5416  -1360     23   -537
    296  -1144  -5752  -1344     96   -472
   -140  -1256  -5620  -1328     20   -535
   -192  -1248  -5832  -1376   -107   -572
   -364  -1240  -5680  -1312   -224   -567
    -16  -1252  -5616  -1360   -322   -593
    148  -1196  -5772  -1344   -356   -582
    516  -1108  -5472  -1376   -293   -565
    680  -1096  -5580  -1344   -214   -494
    608  -1136  -5340  -1392   -176   -464
    388  -1188  -5552  -1408   -186   -441
     28  -1228  -5556  -1328   -227   -442
   -364  -1292  -5484  -1360   -366   -450
   -276  -1404  -5716  -1360   -457   -476
   -116  -1356  -5552  -1376   -529   -493
    136  -1224  -5496  -1344   -525   -505
    412  -1096  -5528  -1392   -496   -497
    536  -1348  -5516  -1376   -422   -478
    588  -1136  -5600  -1344   -310   -425
    140  -1308  -5720  -1376   -291   -411
    -60  -1352  -5540  -1360   -256   -387
   -248  -1484  -5664  -1328   -309   -410
   -252  -1372  -5508  -1344   -390   -517
    -96  -1500  -5696  -1328   -435   -510
    140  -1432  -5620  -1344   -397   -565
    568  -1452  -5372  -1328   -333   -559
    612  -1396  -5668  -1328   -201   -545
    488  -1384  -5452  -1376    -96   -489
    244  -1476  -5576  -1376    -48   -486
   -160  -1360  -5616  -1344    -56   -500
   -392  -1288  -5668  -1344    -93   -503
   -296  -1464  -5684  -1344   -142   -578
   -128  -1352  -5516  -1296   -241   -597
     84  -1324  -5576  -1360   -252   -634
    524  -1220  -5532  -1344   -155   -590
    660  -1300  -5552  -1344   -131   -549
    540  -1236  -5492  -1328     21   -519
    312  -1136  -5420  -1328     39   -499
    -60  -1064  -5664  -1344    -21   -471
   -284  -1216  -5816  -1376   -121   -512
   -316  -1192  -5468  -1360   -216   -537
   -148  -1172  -5852  -1312   -321   -588
     72  -1228  -5580  -1328   -373   -609
    468  -1180  -5600  -1328   -377   -581
    544  -1148  -5584  -1344   -292   -506
    520  -1124  -5528  -1360   -189   -488
    332  -1180  -5652  -1312   -179   -445
     52  -1232  -5372  -1328   -253   -413
   -228  -1184  -5732  -1360   -368   -456
   -272  -1244  -5896  -1344   -414   -457
   -256  -1360  -5760  -1312   -508   -495
     36  -1276  -5512  -1328   -534   -524
    492  -1416  -5312  -1312   -478   -498
    616  -1228  -5560  -1312   -382   -481
    464  -1320  -5408  -1344   -318   -441
    400  -1416  -5408  -1360   -248   -405
    164  -1424  -5424  -1312   -217   -389
    -64  -1304  -5744  -1328   -261   -425
   -324  -1292  -5708  -1312   -331   -525
   -180  -1452  -5832  -1312   -422   -542
    164  -1460  -5576  -1360   -376   -544
    340  -1420  -5544  -1328   -302   -580
    564  -1296  -5600  -1360   -197   -533
    448  -1324  -5700  -1344    -61   -548
    232  -1248  -5568  -1328    -47   -488
      0  -1288  -5744  -1392      3   -497
   -276  -1404  -5356  -1280    -65   -507
   -128  -1400  -5384  -1328   -151   -569
   -344  -1356  -5616  -1392   -193   -588
    236  -1192  -5652  -1296   -175   -621
    320  -1336  -5644  -1376   -173   -612
    708  -1308  -5560  -1344   -160   -542
    652  -1276  -5552  -1328    -90   -552
    236  -1260  -5604  -1312    -39   -445
    128  -1240  -5716  -1344    -68   -486
   -132  -1068  -5772  -1328   -145   -504
   -144  -1176  -5612  -1328   -215   -490
   -308  -1320  -5616  -1360   -376   -544
    144  -1288  -5468  -1344   -442   -508
    364  -1112  -5564  -1360   -385   -516
    448  -1188  -5548  -1296   -350   -520