    268  -1300  -5652   -832   -260   -542
    360  -1376  -5288   -912   -247   -519
    304  -1312  -5680   -864   -249   -525
    108  -1368  -5660   -864   -201   -504
    272  -1324  -5592   -848   -212   -463
     40  -1348  -5584   -816   -242   -482
    208  -1284  -5452   -864   -220   -536
     16  -1316  -5624   -864   -217   -569
    268  -1416  -5640   -896   -191   -530
    424  -1304  -5560   -880   -244   -516
    248  -1456  -5644   -864   -191   -490
    116  -1476  -5508   -832   -169   -487
     -4  -1436  -5516   -816   -208   -489
    172  -1156  -5548   -880   -271   -501
    168  -1336  -5644   -912   -272   -520
    292  -1348  -5596   -896   -261   -538
    288  -1424  -5548   -848   -248   -513
    236  -1412  -5792   -912   -226   -485
    136  -1484  -5472   -880   -233   -511
    204  -1288  -5676   -864   -232   -482
    104  -1364  -5592   -848   -201   -534
     80  -1412  -5712   -832   -196   -539
    288  -1344  -5628   -864   -206   -495
     44  -1348  -5540   -832   -229   -531
    368  -1324  -5640   -880   -239   -494
     88  -1428  -5580   -848   -242   -497
    452  -1332  -5492   -880   -257   -479
    380  -1364  -5408   -912   -228   -536
     20  -1416  -5544   -880   -238   -503
   -120  -1632  -5484   -880   -267   -485
   -420  -1520  -5680   -832   -292   -497
   -592  -1212  -6024   -896   -530   -611
  -1096   -380  -6356   -912   -586   -744
     -8   -616  -5528   -896   -862   -736
   1176  -1132  -5268   -896   -743   -885
   1544  -1460  -5132   -928   -119   -645
   1692  -1344  -5400   -912    163   -427
    168   -884  -5900   -896    180   -298
   -868  -1024  -5884   -928    -30   -345
  -1104  -1436  -5972   -912   -412   -533
  -1064  -1804  -5788   -944   -564   -707
   -448  -1632  -5544   -912   -611   -811
    336   -884  -5508   -928   -675   -790
   1444   -828  -5580   -912   -666   -685
   1716  -1272  -5352   -896   -356   -583
   1308  -1264  -5364   -928     28   -475
    412  -1488  -5756   -928    262   -352
   -540  -1260  -5784   -880    227   -298
   -924  -1144  -5856   -944    -64   -372
  -1056  -1424  -6000   -896   -436   -482
   -532  -1424  -5820   -912   -596   -532
    280  -1492  -5736   -928   -517   -548
    920  -1152  -5468   -896   -305   -540
   1412  -1048  -5444   -896   -138   -436
   1784  -1064  -5220   -928     67   -387
    712  -1272  -5540   -880    263   -283
   -272  -1424  -5660   -912    350   -237
  -1004  -1260  -5976   -928    150   -304
  -1240  -1268  -5940   -912   -237   -377
   -944  -1068  -5828   -976   -463   -566
    -72  -1152  -5356   -880   -631   -638
   1012  -1132  -5424   -928   -421   -606
   1320  -1192  -5360   -928   -169   -534
   1148  -1000  -5536   -928     25   -461
    644   -968  -5768   -896    125   -415
   -188  -1220  -5892   -928     83   -338
   -984  -1324  -6084   -864    -40   -410
  -1244  -1252  -5820   -944   -265   -579
  -1124  -1160  -5964   -896   -568   -669
   -216  -1132  -5704   -960   -750   -742
    720  -1144  -5380   -928   -673   -749
   1256  -1208  -5452   -944   -419   -682
   1216  -1188  -5260   -944   -149   -593
    892  -1112  -5508   -992     59   -507
     12  -1180  -5668   -944     27   -447
   -840  -1424  -5672   -912   -194   -444
  -1140  -1680  -5768   -960   -381   -507
   -800  -1396  -5744   -960   -530   -599
    -56  -1168  -5632   -880   -701   -704
    648  -1184  -5396   -928   -619   -683
   1392  -1216  -5272   -928   -393   -587
   1340  -1340  -5476   -944   -109   -460
    984  -1304  -5212   -944    125   -381
     32  -1260  -5512   -912    141   -351
   -756  -1260  -5744   -944      2   -335
  -1088  -1628  -5888   -944   -201   -405
   -644  -1596  -6012   -960   -318   -500
   -348  -1412  -5576   -928   -509   -483
    528  -1128  -5592   -960   -373   -516
   1320  -1268  -5172   -944   -328   -460
   1288  -1292  -5336   -976    -44   -435
    944  -1292  -5432   -928    191   -317
    112  -1208  -5704   -928    244   -315
   -592  -1164  -5804   -992    152   -337
   -924  -1304  -5916   -960    -99   -399
   -988  -1364  -5708   -976   -349   -542
   -308  -1260  -5852   -912   -518   -578
    292  -1284  -5652   -944   -453   -604
   1128   -968  -5500   -944   -326   -625
   1324  -1036  -5432   -944   -146   -559
   1124  -1096  -5704   -928     21   -489
    344  -1276  -5628   -928     51   -440
   -444  -1188  -5948   -928     13   -412
   -920  -1296  -6084   -960   -241   -571
   -908  -1284  -5728   -928   -478   -637
   -148  -1172  -5872   -928   -741   -735
    368  -1112  -5508  -1008   -622   -722
    772  -1116  -5720   -960   -486   -715
   1384  -1252  -5484   -944   -269   -626
    964  -1224  -5616   -944    -86   -537
    308  -1092  -5420   -896    -23   -488
   -360  -1392  -5764   -960    -87   -410
   -812  -1284  -5724   -976   -264   -463
   -636  -1360  -5952   -960   -437   -545
   -292  -1308  -5672   -928   -555   -625
    432  -1308  -5572   -960   -593   -660
   1108  -1220  -5408  -1008   -413   -533
   1232  -1316  -5388   -976   -179   -394
   1000  -1360  -5404   -880     13   -350
    600  -1184  -5444   -960    121   -313
   -208  -1332  -5472   -944     34   -337
   -704  -1504  -5668   -976    -54   -341
   -828  -1496  -5976   -960   -245   -400
   -492  -1248  -5724   -960   -419   -511
    -52  -1176  -5344   -992   -433   -565
    932  -1200  -5560   -928   -334   -530
   1004  -1196  -5328   -976   -114   -442
    888  -1212  -5396   -976     76   -351
    464  -1188  -5580   -960    204   -300
   -408  -1176  -5660   -976    111   -335
   -692  -1196  -5664   -960    -66   -452
   -792  -1400  -5692   -992   -263   -529
   -712  -1176  -5736   -992   -386   -626
   -164  -1128  -5628   -944   -509   -648
    744  -1068  -5528   -960   -411   -694
   1100  -1148  -5488  -1008   -261   -635
   1028  -1224  -5540   -976    -54   -572
    500  -1224  -5664   -944      8   -466
   -104  -1216  -5500   -992    -22   -452
   -828  -1352  -5640   -944   -206   -530
   -852  -1180  -5804   -928   -424   -632
   -452  -1284  -5592   -960   -596   -693
    116  -1336  -5572   -944   -597   -720
    708  -1196  -5512   -976   -537   -671
   1136  -1140  -5420   -912   -338   -593
   1032  -1316  -5304   -944   -151   -521
    792  -1268  -5644   -944    -48   -469
     96  -1304  -5700   -960     12   -404
   -580  -1300  -5584   -976   -172   -362
   -764  -1348  -5740   -976   -360   -468
   -524  -1512  -5612   -960   -468   -558
    240  -1296  -5620   -960   -502   -557
    684  -1348  -5548   -976   -398   -544
   1120  -1264  -5336  -1024   -239   -447
    964  -1356  -5408   -960    -28   -359
    612  -1364  -5472   -976     93   -343
    120  -1340  -5600   -976     93   -299
   -644  -1388  -5808   -992     26   -306
   -908  -1196  -5664   -960   -172   -396
   -696  -1268  -5696  -1008   -355   -507
    -76  -1308  -5700  -1008   -434   -542
    436  -1392  -5484   -992   -351   -569
    884  -1144  -5480   -976   -196   -483
   1004  -1176  -5480   -976     -8   -455
    472  -1156  -5624  -1008    112   -406
    -44  -1192  -5596   -928     55   -431
   -580  -1224  -5920   -976    -41   -449
   -876  -1300  -5880  -1008   -193   -516
   -660  -1184  -5544   -960   -367   -648
    -84  -1184  -5924   -960   -485   -652
    464  -1200  -5736   -976   -476   -681
    908  -1092  -5552   -992   -355   -672
    968  -1276  -5452   -960   -137   -589
    604  -1204  -5500   -960    -72   -531
    164  -1196  -5664  -1008   -101   -464
   -552  -1352  -5504   -960   -170   -505
   -720  -1356  -5656   -992   -365   -556
   -548  -1360  -5856   -992   -499   -623
     52  -1232  -5492   -944   -552   -642
    488  -1136  -5504   -992   -543   -631
   1072  -1248  -5344   -960   -401   -576
   1140  -1388  -5404   -976   -242   -483
    880  -1312  -5452   -992    -48   -417
    -12  -1376  -5620   -976      8   -370
   -352  -1368  -5712   -960   -137   -374
   -516  -1396  -5764   -976   -240   -411
   -616  -1368  -5632   -960   -393   -464
   -164  -1360  -5644   -960   -455   -485
    380  -1308  -5448   -976   -404   -527
    944  -1272  -5632  -1008   -295   -463
    872  -1364  -5456   -960   -144   -426
    788  -1372  -5460   -976     46   -334
     72  -1320  -5748   -944     73   -313
   -484  -1432  -5676   -944     71   -340
   -604  -1208  -5828   -976    -83   -449
   -680  -1348  -5584  -1008   -300   -512
   -300  -1368  -5644  -1008   -347   -551
    168  -1036  -5468  -1008   -329   -574
    692  -1244  -5600   -976   -221   -560
    780  -1124  -5612   -976   -101   -532
    604   -968  -5452   -960    -16   -477
    160  -1224  -5632  -1008     63   -448
   -424  -1364  -5788  -1008    -53   -495
   -692  -1248  -5900   -928   -180   -552
   -460  -1228  -5512   -992   -350   -636
   -240  -1228  -5836   -960   -493   -703
    236  -1208  -5728   -976   -521   -695
    944  -1256  -5616   -992   -411   -661
    868  -1184  -5516   -960   -265   -611
    704  -1188  -5608  -1040   -113   -549
    392  -1220  -5704   -976   -114   -507
   -308  -1472  -5636   -992   -143   -508
   -620  -1356  -5696   -992   -257   -515
   -680  -1332  -5552   -976   -425   -553
   -156  -1296  -5648   -992   -552   -604
    192  -1272  -5576  -1008   -559   -595
    916  -1320  -5408   -976   -430   -528
   1032  -1320  -5288  -1008   -246   -475
    928  -1212  -5372   -992    -84   -388
    384  -1324  -5588   -976    -64   -350
   -176  -1256  -5820  -1008    -50   -353
   -516  -1460  -5756   -976   -161   -358
   -548  -1392  -5616  -1056   -282   -412
   -292  -1384  -5512  -1008   -358   -473
    308  -1248  -5704   -992   -385   -477
    780  -1304  -5336   -992   -317   -502
    820  -1328  -5532  -1008   -154   -410
    556  -1164  -5528   -992      1   -337
    240  -1224  -5644   -960     71   -335
   -280  -1168  -5876   -976     86   -345
   -772  -1424  -5764   -992    -99   -415
   -748  -1476  -5748   -976   -240   -524
   -364  -1236  -5668  -1040   -363   -582
     20  -1072  -5724  -1008   -418   -578
    504  -1004  -5476   -976   -335   -624
    856  -1140  -5456   -976   -223   -587
    744  -1168  -5472   -960    -25   -568
    304  -1140  -5588   -992    -43   -496
    -92  -1252  -5540   -960    -27   -486
   -184  -1280  -5580   -960   -186   -544
   -764  -1348  -5952  -1008   -363   -637
   -264  -1316  -5584  -1008   -434   -685
    272  -1084  -5684   -960   -502   -682
    420  -1136  -5492  -1040   -411   -653
    884  -1232  -5444  -1008   -343   -598
    736  -1212  -5380   -992   -216   -565
    572  -1284  -5632   -976   -145   -482
    -48  -1280  -5668  -1024   -126   -445
   -348  -1348  -5536  -1024   -178   -464
   -580  -1380  -5880  -1008   -369   -481
   -248  -1460  -5620  -1024   -507   -539
    252  -1292  -5724   -960   -486   -547
    756  -1264  -5332   -976   -392   -528
    720  -1268  -5372   -976   -251   -465
    632  -1208  -5636  -1024   -135   -385
    248  -1332  -5728  -1040    -79   -347
    -92  -1480  -5764   -944    -13   -374
   -300  -1408  -5592   -992    -93   -360
   -428  -1440  -5776   -992   -217   -393
   -336  -1304  -5908   -992   -307   -417
    -88  -1360  -5760   -992   -367   -536
    496  -1224  -5436   -960   -333   -537
    664  -1272  -5608  -1024   -158   -498
    868  -1172  -5532   -992    -47   -443
    384  -1168  -5464  -1056     10   -366
     64  -1200  -5596   -992    -22   -403
   -516  -1304  -5836  -1024    -23   -477
   -596  -1332  -5780  -1008   -163   -522
   -492  -1288  -5724  -1008   -299   -622
    144  -1056  -5516   -992   -405   -664
    460  -1252  -5440  -1008   -373   -619
    636  -1140  -5612  -1008   -278   -658
    896  -1124  -5516   -976   -153   -601
    688   -928  -5752  -1056    -24   -507
     76  -1216  -5704  -1024    -57   -520
   -252  -1200  -5688  -1040   -204   -535
   -364  -1376  -5732   -992   -319   -580
   -368  -1252  -5644   -992   -437   -629
     36  -1228  -5656  -1024   -498   -652
    344  -1172  -5680  -1072   -469   -637
    816  -1168  -5484  -1024   -367   -585
    792  -1156  -5448   -992   -293   -527
    556  -1240  -5540   -992   -115   -448
    160  -1464  -5532  -1056   -113   -399
   -160  -1396  -5756  -1024   -165   -405
   -272  -1408  -5788  -1056   -281   -422
   -336  -1384  -5772  -1024   -396   -473
    196  -1372  -5508  -1040   -462   -533
    404  -1308  -5512   -992   -373   -493
    528  -1224  -5636   -992   -284   -457
    776  -1264  -5664  -1040   -150   -405
    568  -1316  -5460   -976    -45   -348
    140  -1320  -5592  -1024     -1   -353
   -340  -1300  -5644  -1008    -46   -329
   -384  -1424  -5568   -976   -133   -406
   -320  -1268  -5680  -1024   -287   -466
    -60  -1320  -5640  -1008   -321   -497
    276  -1196  -5532   -976   -329   -526
    568  -1228  -5464  -1008   -173   -532
    776  -1192  -5632  -1024   -129   -527
    592  -1156  -5456  -1008    -33   -462
     28  -1212  -5460   -976    -34   -457
   -400  -1256  -5788  -1040    -57   -467
   -628  -1288  -5932  -1040   -163   -568
   -556  -1236  -5708  -1008   -312   -585
    -16  -1340  -5728  -1040   -414   -664
    228  -1132  -5648  -1040   -391   -686
    776  -1052  -5568  -1040   -270   -628
    760  -1312  -5448  -1024   -229   -579
    576  -1244  -5560  -1008   -128   -570
    180  -1092  -5476  -1008   -113   -531
   -128  -1324  -5644  -1056   -207   -513
   -224  -1264  -5604  -1072   -269   -541
   -324  -1140  -5684  -1056   -365   -577
      0  -1136  -5568   -960   -478   -603
    368  -1208  -5588  -1072   -459   -578
    696  -1272  -5564  -1040   -390   -533
    900  -1360  -5472  -1024   -259   -518
    564  -1404  -5484  -1024   -150   -421
    132  -1352  -5596  -1008    -95   -391
   -124  -1260  -5540  -1056   -170   -377
   -272  -1416  -5876  -1024   -265   -414
   -544  -1456  -5780  -1008   -343   -444
   -144  -1412  -5656  -1040   -399   -473
    104  -1340  -5396  -1024   -360   -486
    508  -1372  -5424  -1056   -291   -458
    636  -1264  -5580  -1040   -180   -414
    572  -1288  -5544  -1008    -78   -368
     88  -1288  -5528  -1072     12   -365
   -136  -1328  -5768  -1040    -38   -379
   -520  -1304  -5676  -1008   -167   -432
   -340  -1180  -5656  -1056   -215   -498
   -148  -1188  -5664  -1008   -323   -553
    120  -1284  -5616  -1072   -303   -575
    472  -1268  -5692  -1056   -213   -601
    616  -1164  -5580  -1040   -144   -578
    552  -1256  -5568  -1024    -62   -525
     76  -1268  -5732  -1056    -35   -505
   -180  -1368  -5560   -960    -73   -519
   -336  -1192  -5716  -1056   -153   -577
   -576  -1328  -5784  -1088   -283   -640
    -72  -1344  -5756  -1056   -380   -712
    456  -1176  -5648  -1056   -397   -681
    584  -1180  -5520  -1088   -359   -656
    644  -1184  -5428  -1024   -266   -602
    472  -1124  -5608  -1024   -192   -570
    336  -1144  -5556   -992    -98   -505
     12  -1296  -5720  -1024   -146   -511
   -332  -1296  -5680  -1024   -238   -513
   -388  -1264  -5888  -1040   -348   -522
   -200  -1484  -5484  -1040   -417   -551
    248  -1420  -5392  -1024   -447   -525
    676  -1340  -5376  -1024   -383   -491
    776  -1236  -5304  -1024   -274   -462
    660  -1328  -5428  -1056   -203   -372
    308  -1240  -5632  -1040    -76   -367
   -140  -1528  -5628  -1024   -130   -341
   -376  -1492  -5904  -1008   -180   -348
   -444  -1368  -5740  -1040   -227   -405
   -388  -1332  -5776  -1024   -349   -447
     60  -1392  -5548  -1024   -367   -446
    388  -1208  -5800  -1008   -282   -509
    848  -1372  -5368  -1024   -205   -466
    636  -1252  -5424  -1056    -93   -427
    196  -1312  -5524  -1072    -21   -376
      8  -1164  -5584  -1024    -27   -368
   -504  -1284  -5812  -1040   -133   -498
   -316  -1280  -5828  -1072   -220   -542
   -324  -1324  -5512  -1040   -316   -556
    -52  -1236  -5592  -1040   -306   -565
    408  -1208  -5580  -1040   -279   -605
    652  -1032  -5604   -992   -218   -613
    404  -1284  -5464  -1040   -129   -582
    360  -1148  -5592  -1056    -70   -537
    -36  -1376  -5684  -1072    -94   -506
   -332  -1096  -5888  -1024   -181   -570
   -328  -1260  -5572  -1056   -276   -616
   -188  -1376  -5608  -1056   -384   -689
    172  -1296  -5764  -1088   -419   -677
    552  -1252  -5592  -1088   -376   -624
    400  -1140  -5552  -1024   -356   -556
    520  -1248  -5288  -1056   -232   -564
    260  -1392  -5452  -1040   -176   -481
    104  -1356  -5880  -1088   -116   -443
    -92  -1252  -5676  -1024   -197   -469
   -372  -1308  -5608  -1040   -359   -476
   -108  -1284  -5796  -1040   -410   -493
     56  -1384  -5592  -1024   -426   -485
    540  -1204  -5560  -1024   -369   -501
    760  -1056  -5600  -1040   -275   -443
    440  -1296  -5524  -1008   -190   -377
    404  -1368  -5396  -1056    -95   -326
   -112  -1268  -5616  -1040    -70   -347
   -156  -1328  -5728  -1088   -112   -369
   -208  -1328  -5656  -1040   -190   -378
   -336  -1276  -5688  -1072   -299   -456
   -144  -1360  -5624  -1040   -362   -502
    276  -1356  -5516  -1040   -269   -510
    464  -1220  -5628  -1072   -181   -473
    460  -1164  -5624  -1072    -92   -480
    500  -1164  -5488  -1040    -84   -489
      0  -1196  -5588  -1040    -64   -460
   -272  -1292  -5712  -1056    -90   -522
   -356  -1372  -5700  -1088   -194   -550
   -320  -1368  -5752  -1040   -288   -616
    -44  -1296  -5692  -1024   -365   -649
    440  -1232  -5492  -1072   -336   -645
    508  -1392  -5532  -1056   -261   -621
    472  -1336  -5548  -1088   -120   -611
    344  -1328  -5712  -1088    -92   -583
    256  -1156  -5648  -1088   -129   -546
    -40  -1252  -5668  -1056   -204   -535
   -300  -1284  -5740  -1024   -299   -576
   -220  -1344  -5572  -1088   -339   -596
    104  -1192  -5772  -1024   -395   -642
    364  -1248  -5548  -1056   -426   -600
    816  -1176  -5268  -1056   -358   -546
    732  -1280  -5724  -1056   -251   -474
    508  -1208  -5676  -1056   -173   -450
    180  -1092  -5584  -1056   -145   -450
     12  -1412  -5688  -1088   -158   -438
   -432  -1512  -5652  -1024   -299   -407
   -208  -1332  -5760  -1056   -394   -419
    -40  -1484  -5704  -1088   -334   -461
    212  -1180  -5632  -1088   -349   -494
    556  -1344  -5460  -1056   -294   -443
    576  -1368  -5532  -1088   -223   -376
    488  -1400  -5388  -1056   -136   -370
     76  -1464  -5556  -1056   -116   -325
   -120  -1364  -5676  -1088    -92   -375
   -320  -1292  -5768  -1056   -182   -429
   -404  -1368  -5528  -1072   -290   -470
   -272  -1340  -5584  -1040   -337   -517
    108  -1360  -5536  -1120   -297   -534
    344  -1360  -5408  -1088   -230   -525
    372  -1304  -5604  -1056   -132   -549
    360  -1204  -5684  -1056    -71   -517
     72  -1192  -5796  -1040    -46   -480
    -92  -1384  -5584  -1072    -66   -493
   -376  -1196  -5724  -1088   -165   -553
   -272  -1312  -5508  -1056   -281   -615
      0  -1148  -5600  -1072   -350   -705
    120  -1360  -5788  -1088   -382   -639
    340  -1356  -5512  -1104   -260   -602
    548  -1232  -5508  -1008   -203   -543
    420  -1104  -5424  -1072   -139   -567
    408  -1180  -5728  -1088   -153   -566
    156  -1248  -5680  -1040   -215   -522
    -40  -1264  -5864  -1072   -257   -536
   -208  -1208  -5852  -1056   -310   -541
     44  -1284  -5448  -1072   -398   -594
    508  -1224  -5640  -1072   -400   -601
    652  -1288  -5436  -1072   -323   -558
    664  -1248  -5572  -1056   -253   -450
    368  -1320  -5600  -1088   -215   -401
    116  -1348  -5648  -1072   -181   -371
   -116  -1200  -5620  -1040   -197   -396
   -124  -1452  -5664  -1104   -219   -388
   -204  -1436  -5536  -1104   -291   -424
    -44  -1336  -5524  -1072   -364   -415
    256  -1332  -5484  -1072   -372   -465
    248  -1360  -5484  -1072   -331   -453
    684  -1308  -5600  -1072   -191   -437
    372  -1308  -5768  -1072   -106   -385
     88  -1260  -5520  -1104    -76   -403
   -184  -1200  -5708  -1072   -114   -412
   -228  -1288  -5624  -1056   -135   -506
   -232  -1320  -5488  -1072   -224   -517
   -288  -1320  -5740  -1072   -305   -550
     32  -1328  -5684  -1072   -260   -558
    324  -1136  -5588  -1056   -253   -586
    496  -1248  -5244  -1072   -141   -576
    424  -1220  -5516  -1072   -122   -576
    280  -1188  -5704  -1104    -66   -518
    -28  -1192  -5576  -1072   -151   -520
   -256  -1172  -5604  -1104   -158   -572
   -256  -1348  -5744  -1072   -276   -643
   -104  -1288  -5508  -1088   -321   -678
    140  -1220  -5804  -1072   -359   -636
    452  -1032  -5568  -1104   -333   -615
    536  -1208  -5596  -1072   -284   -589
    388  -1308  -5340  -1056   -214   -550
    312  -1280  -5392  -1104   -151   -531
     80  -1288  -5628  -1104   -147   -497
   -284  -1300  -5564  -1072   -209   -459
   -228  -1244  -5688  -1072   -313   -501
     -8  -1340  -5740  -1120   -412   -521
    184  -1400  -5460  -1104   -366   -528
    316  -1256  -5520  -1072   -334   -514
    576  -1212  -5560  -1056   -268   -419
    392  -1240  -5588  -1072   -222   -417
    212  -1304  -5564  -1104   -155   -393
    -24  -1452  -5664  -1088   -143   -384
   -352  -1400  -5676  -1072   -189   -390
   -224  -1440  -5520  -1104   -268   -459
   -128  -1336  -5504  -1152   -338   -420
    124  -1300  -5624  -1024   -343   -455
    476  -1412  -5596  -1072   -280   -474
    272  -1264  -5596  -1088   -171   -439
    368  -1196  -5548  -1088   -157   -470
    356  -1168  -5468  -1040   -111   -416
    -36  -1312  -5592  -1104   -114   -445
   -340  -1308  -5820  -1088   -152   -499
   -368  -1236  -5772  -1056   -213   -555
     44  -1240  -5628  -1104   -274   -609
    212  -1236  -5712  -1088   -316   -595
    260  -1296  -5412  -1120   -262   -598
    504  -1232  -5636  -1104   -218   -598
    312  -1316  -5552  -1040   -118   -593
    372  -1200  -5660  -1056    -76   -571
    104  -1196  -5612  -1136   -133   -552
   -308  -1352  -5852  -1072   -199   -545
   -216  -1296  -5712  -1152   -287   -615
    -36  -1368  -5556  -1040   -339   -613
    212  -1232  -5536  -1072   -368   -617
    456  -1172  -5416  -1088   -324   -571
    356  -1184  -5620  -1056   -337   -532
    632  -1164  -5648  -1072   -214   -479
    276  -1316  -5656  -1088   -155   -437
    272  -1264  -5612  -1088   -139   -461
     76  -1260  -5512  -1136   -260   -466
    -80  -1404  -5624  -1072   -327   -477
   -140  -1376  -5652  -1120   -365   -471
    232  -1336  -5620  -1088   -401   -447
    376  -1308  -5748  -1136   -342   -450
    288  -1256  -5600  -1104   -252   -439
    540  -1312  -5752  -1120   -288   -393
    356  -1484  -5400  -1056   -150   -363
     68  -1356  -5708  -1136   -139   -367
   -268  -1272  -5480  -1088   -155   -410
   -168  -1228  -5452  -1104   -226   -427
   -248  -1304  -5712  -1120   -306   -513
    176  -1444  -5692  -1120   -323   -484
    180  -1324  -5484  -1120   -289   -481
    372  -1276  -5540  -1056   -173   -531
    416  -1120  -5552  -1104   -147   -494
    300  -1300  -5392  -1088   -126   -496
   -112  -1256  -5392  -1120    -85   -472
   -180  -1268  -5640  -1104   -108   -510
   -192  -1348  -5612  -1056   -181   -565
   -156  -1180  -5620  -1088   -287   -665
    144  -1268  -5528  -1104   -348   -637
    296  -1484  -5452  -1120   -254   -610
    800  -1152  -5304  -1120   -291   -573
    136  -1204  -5604  -1088   -118   -632
    460  -1432  -5608  -1088   -110   -526
    156  -1008  -5744  -1120   -165   -582
   -100  -1232  -5724  -1088   -150   -550
    -24  -1208  -5756  -1088   -242   -543
   -172  -1256  -5956  -1088   -275   -597
    -40  -1348  -5416  -1120   -341   -579
    452  -1228  -5648  -1088   -362   -570
    456  -1172  -5568  -1120   -310   -519
    656  -1248  -5512  -1120   -269   -432
    432  -1332  -5564  -1184   -221   -385
    204  -1304  -5512  -1120   -179   -415
    -20  -1264  -5620  -1120   -207   -413
    -72  -1256  -5444  -1120   -244   -410
    -52  -1356  -5764  -1120   -364   -423
     84  -1360  -5580  -1104   -341   -490
    224  -1168  -5576  -1120   -285   -456
    572  -1388  -5572  -1088   -306   -414