   1028   -924  -5608   -736    128   -498
    816   -984  -5600   -720    167   -530
    564   -844  -5528   -752    146   -500
   -768   -864  -5936   -736   -187   -524
  -1184  -1304  -6052   -736   -587   -546
  -1024  -1768  -5640   -736   -705   -590
   -444  -1504  -5368   -736   -606   -727
    572  -1092  -5552   -752   -532   -835
   1608   -920  -5496   -720   -483   -793
   1996  -1116  -5348   -704   -299   -656
   1688  -1300  -5308   -736    -26   -484
    512  -1328  -5564   -768    126   -367
   -556  -1372  -5820   -784    123   -380
   -852  -1284  -5764   -736   -132   -448
   -688  -1440  -5748   -720   -398   -524
   -340  -1528  -5752   -688   -591   -525
    436  -1328  -5508   -704   -426   -514
   1228  -1032  -5252   -704   -203   -505
   1552   -900  -5364   -704      7   -450
   1276   -956  -5444   -720    127   -391
    800  -1272  -5440   -736    232   -226
   -296  -1364  -5532   -688    226   -185
  -1040  -1344  -5848   -768     57   -262
  -1108  -1300  -5984   -752   -145   -370
   -648  -1112  -5624   -704   -393   -471
    176   -988  -5708   -752   -458   -541
   1032   -980  -5360   -736   -328   -538
   1372  -1036  -5404   -736   -121   -464
   1316   -916  -5432   -704     93   -405
    644   -860  -5644   -752    139   -386
   -316  -1156  -5720   -752      5   -375
   -852  -1212  -5680   -736   -153   -392
  -1092  -1368  -5884   -752   -402   -515
   -908  -1276  -5768   -736   -569   -612
    112   -984  -5592   -720   -677   -729
   1020  -1072  -5260   -768   -544   -758
   1376  -1168  -5368   -672   -346   -700
   1428  -1008  -5272   -768   -181   -589
    924  -1188  -5612   -784    -37   -515
    -48  -1092  -5776   -752    -76   -470
   -756  -1228  -5924   -768   -246   -509
   -932  -1336  -5800   -752   -464   -575
   -588  -1348  -5640   -768   -574   -634
    212  -1184  -5416   -752   -649   -704
    916  -1116  -5564   -768   -512   -674
   1512  -1192  -5304   -784   -311   -635
   1352  -1240  -5292   -736    -46   -517
   1084  -1112  -5480   -752     52   -437
    260  -1260  -5852   -784     77   -370
   -456  -1576  -5748   -768    -80   -339
   -820  -1532  -5804   -720   -195   -373
   -652  -1568  -5892   -768   -322   -464
    -44  -1308  -5796   -784   -407   -514
    816  -1120  -5300   -768   -355   -504
   1240  -1192  -5248   -752   -175   -442
   1364  -1116  -5516   -800     13   -403
    952  -1160  -5412   -752    201   -300
    196  -1220  -5516   -784    219   -251
   -460  -1288  -5840   -720     53   -278
   -776  -1340  -5952   -784   -140   -348
   -792  -1272  -5564   -768   -282   -463
   -396  -1208  -5736   -784   -376   -557
    520   -916  -5592   -800   -391   -606
   1324  -1048  -5300   -784   -253   -588
   1356   -992  -5376   -752   -114   -515
    860   -900  -5488   -752     12   -450
    240   -952  -5676   -768     65   -436
   -584  -1060  -5572   -800   -100   -458
   -868  -1236  -5612   -752   -314   -496
   -720  -1304  -5724   -752   -519   -623
   -160  -1260  -5632   -768   -583   -682
    592  -1156  -5412   -768   -564   -764
   1076   -956  -5360   -800   -403   -738
   1200  -1036  -5488   -784   -256   -668
   1036  -1204  -5412   -784   -134   -563
    496  -1212  -5584   -768    -99   -468
   -336  -1240  -5680   -768   -127   -474
   -520  -1424  -5844   -784   -347   -520
   -176  -1592  -5884   -768   -403   -521
     24  -1392  -5440   -768   -516   -570
    676  -1260  -5512   -800   -582   -591
   1080  -1060  -5416   -784   -362   -573
   1420  -1120  -5552   -768   -122   -514
   1012  -1176  -5496   -768    -29   -427
    392  -1204  -5568   -736     38   -312
     20  -1332  -5664   -752     11   -301
   -560  -1460  -5532   -768    -87   -335
   -624  -1252  -5620   -736   -227   -376
   -228  -1340  -5688   -720   -335   -456
    348  -1056  -5660   -784   -321   -489
    852   -996  -5460   -768   -245   -454
   1292  -1120  -5592   -752    -53   -401
    928  -1160  -5428   -784     90   -311
    304   -932  -5756   -864     87   -379
    -16  -1296  -5808   -768     45   -286
   -672  -1348  -5804   -800   -104   -396
   -672  -1300  -5768   -752   -247   -428
   -404  -1096  -5608   -800   -334   -580
     48  -1104  -5716   -784   -357   -606
   1020   -964  -5488   -848   -336   -639
    940   -996  -5512   -864   -212   -625
    932   -984  -5508   -768    -97   -517
    472  -1056  -5500   -816    -69   -519
   -220  -1180  -5880   -832   -132   -533
   -552  -1168  -5676   -768   -269   -531
   -592  -1352  -5720   -784   -448   -616
   -300  -1256  -5756   -752   -526   -658
    272  -1088  -5516   -816   -551   -683
    848  -1140  -5364   -832   -465   -694
   1052  -1292  -5388   -784   -344   -690
   1148  -1180  -5484   -768   -171   -611
    860  -1280  -5444   -816   -107   -498
    272  -1228  -5580   -768   -130   -427
   -364  -1336  -5384   -752   -227   -462
   -496  -1520  -5684   -832   -386   -497
   -112  -1476  -5724   -800   -455   -563
    176  -1212  -5612   -768   -423   -565
    852  -1300  -5524   -768   -342   -526
   1280  -1112  -5660   -816   -218   -473
   1068  -1080  -5616   -832    -45   -413
    612  -1352  -5616   -768     35   -348
    164  -1308  -5560   -800     35   -319
   -404  -1400  -5828   -784    -42   -320
   -404  -1448  -5696   -800   -177   -347
   -256  -1212  -5656   -800   -275   -425
    136  -1208  -5668   -800   -316   -490
    768  -1088  -5468   -784   -229   -518
   1028  -1084  -5416   -816   -165   -486
   1072  -1180  -5476   -800     24   -404
    680  -1284  -5572   -768     57   -384
      4  -1260  -5604   -816     41   -416
   -516  -1304  -5596   -784    -89   -429
   -644  -1204  -5904   -832   -248   -501
   -336  -1140  -5724   -816   -387   -565
    -32  -1080  -5580   -784   -406   -630
    620  -1244  -5676   -784   -381   -681
    724  -1056  -5308   -848   -296   -658
   1004  -1084  -5656   -768   -188   -624
    536  -1176  -5504   -784   -108   -553
    244  -1280  -5920   -784   -138   -504
   -244  -1192  -5620   -816   -262   -513
   -420  -1328  -5780   -832   -394   -599
   -304  -1260  -5708   -800   -462   -639
    104  -1208  -5636   -784   -549   -712
    820  -1152  -5468   -816   -485   -688
    808  -1212  -5488   -816   -344   -592
   1088  -1272  -5464   -832   -236   -574
    772  -1216  -5412   -816   -147   -508
    332  -1324  -5636   -848   -129   -447
    -84  -1320  -5648   -784   -188   -404
   -332  -1352  -5700   -800   -270   -450
   -232  -1440  -5688   -816   -345   -484
    152  -1236  -5700   -848   -398   -490
    632  -1096  -5500   -800   -354   -489
    780  -1084  -5424   -768   -236   -457
   1080  -1100  -5316   -864    -87   -388
    480  -1212  -5348   -848     -2   -336
    332  -1264  -5620   -800     54   -341
   -280  -1308  -5784   -816      0   -337
   -448  -1408  -5368   -768   -122   -350
   -336  -1352  -5544   -816   -246   -430
    -60  -1220  -5788   -832   -306   -460
    404  -1040  -5444   -816   -257   -558
    560  -1160  -5476   -816   -189   -535
   1024  -1088  -5488   -848    -95   -491
    656  -1204  -5484   -800    -11   -432
    260  -1088  -5456   -832     -5   -421
   -224  -1160  -5816   -816    -91   -446
   -400  -1160  -5764   -784   -192   -563
   -492  -1124  -5724   -816   -339   -613
    -48  -1096  -5728   -800   -419   -657
    188  -1116  -5384   -832   -398   -693
    708  -1040  -5600   -816   -340   -711
    916  -1136  -5388   -848   -277   -671
    824  -1192  -5684   -816   -169   -610
    192  -1236  -5844   -768   -191   -545
     36  -1248  -5596   -848   -211   -525
   -292  -1168  -5712   -864   -344   -559
   -264  -1360  -5860   -784   -431   -599
    260  -1288  -5564   -832   -488   -649
    552  -1360  -5668   -784   -471   -590
    828  -1216  -5236   -768   -391   -573
    956  -1140  -5612   -832   -262   -511
    752  -1288  -5348   -816   -147   -476
    456  -1252  -5268   -816    -86   -422
      0  -1296  -5732   -832   -114   -358
   -468  -1272  -5796   -800   -173   -394
   -404  -1508  -5732   -864   -315   -434
     24  -1368  -5752   -848   -351   -422
    460  -1220  -5512   -848   -324   -456
    860  -1284  -5624   -864   -236   -466
    956  -1200  -5428   -816   -141   -399
    668  -1176  -5684   -864    -30   -356
    288  -1392  -5572   -800      4   -334
     20  -1248  -5700   -880     -2   -349
   -304  -1416  -5740   -848    -80   -371
   -256  -1300  -5648   -864   -214   -420
   -184  -1268  -5600   -832   -267   -487
    308  -1188  -5568   -880   -309   -588
    536  -1232  -5484   -848   -250   -617
    804  -1180  -5532   -848   -195   -537
    772  -1084  -5352   -864   -119   -499
    392  -1112  -5460   -816    -69   -502
   -112  -1396  -5692   -848   -121   -528
   -292  -1340  -5604   -864   -211   -545
   -352  -1364  -5636   -800   -300   -639
    -28  -1212  -5708   -816   -397   -641
    228  -1220  -5580   -832   -453   -657
    700  -1072  -5472   -864   -363   -668
    948  -1064  -5384   -848   -315   -630
    768  -1164  -5408   -848   -219   -576
    568  -1204  -5604   -848   -197   -518
    -28  -1272  -5580   -832   -216   -506
    -64  -1356  -5632   -816   -281   -535
   -236  -1452  -5684   -864   -382   -523
    168  -1280  -5632   -784   -425   -542
    232  -1220  -5564   -864   -458   -555
    684  -1296  -5380   -864   -380   -564
    852  -1220  -5424   -848   -271   -498
    728  -1292  -5360   -864   -168   -431
    516  -1296  -5632   -832    -61   -386
     48  -1344  -5656   -848    -77   -354
    -36  -1244  -5684   -864   -150   -364
   -280  -1460  -5692   -944   -225   -388
   -112  -1352  -5516   -848   -277   -389
    248  -1268  -5520   -864   -299   -470
    588  -1280  -5444   -848   -209   -459
    808  -1168  -5644   -880   -132   -413
    664  -1136  -5308   -848    -67   -391
    480  -1152  -5436   -880     -8   -360
    -32  -1228  -5592   -880     -8   -370
   -172  -1232  -5760   -896    -74   -447
   -320  -1224  -5544   -832   -161   -478
   -164  -1272  -5780   -848   -278   -534
    164  -1212  -5528   -912   -324   -603
    652  -1112  -5584   -832   -289   -631
    588  -1100  -5396   -864   -224   -581
    796  -1092  -5428   -880   -140   -573
    436  -1096  -5448   -848   -124   -574
    116  -1180  -5724   -816   -135   -517
   -312  -1308  -5756   -864   -196   -535
   -280  -1148  -5596   -864   -321   -610
    -36  -1200  -5820   -848   -408   -655
    176  -1124  -5892   -832   -434   -668
    536  -1172  -5488   -864   -443   -650
    732  -1136  -5508   -848   -358   -638
    776  -1224  -5428   -880   -279   -566
    544  -1200  -5384   -880   -205   -521
    316  -1228  -5596   -864   -210   -469
     68  -1420  -5684   -896   -233   -474
   -192  -1284  -5588   -848   -318   -487
   -108  -1436  -5656   -864   -379   -494
    320  -1304  -5796   -896   -368   -487
    632  -1328  -5480   -848   -350   -500
    832  -1376  -5208   -848   -318   -458
    788  -1208  -5488   -880   -220   -402
    568  -1316  -5492   -864    -80   -363
    196  -1268  -5612   -896    -68   -318
    -60  -1248  -5588   -816   -100   -359
   -220  -1380  -5636   -832   -198   -380
   -148  -1204  -5904   -864   -255   -433
    -68  -1168  -5660   -896   -272   -475
    456  -1256  -5416   -896   -255   -483
    608  -1252  -5380   -896   -139   -476
    684  -1128  -5580   -848    -79   -459
    400  -1220  -5568   -896    -41   -425
    216  -1344  -5692   -912    -29   -452
   -184  -1120  -5596   -864    -88   -453
   -288  -1220  -5924   -832   -191   -563
   -232  -1312  -5812   -880   -285   -605
     60  -1212  -5604   -896   -343   -635
    436  -1024  -5696   -896   -290   -595
    560   -980  -5636   -864   -273   -642
    692  -1036  -5460   -912   -218   -639
    556  -1072  -5632   -944   -156   -565
    500  -1184  -5604   -848   -157   -576
    -92  -1192  -5648   -816   -218   -571
   -276  -1352  -5536   -896   -309   -581
   -112  -1268  -5732   -912   -393   -613
    232  -1132  -5552   -912   -449   -640
    612  -1092  -5532   -896   -440   -594
    764  -1296  -5472   -880   -345   -572
    776  -1084  -5496   -896   -264   -528
    612  -1200  -5456   -880   -205   -485
    372  -1348  -5616   -928   -192   -445
      4  -1376  -5704   -896   -201   -436
   -132  -1312  -5588   -880   -267   -422
   -140  -1328  -5548   -880   -345   -443
    132  -1372  -5500   -880   -337   -474
    344  -1232  -5588   -864   -319   -433
    776  -1164  -5388   -960   -257   -453
    692  -1332  -5632   -880   -157   -390
    664  -1216  -5524   -896   -100   -332
    348  -1120  -5560   -864    -53   -353
    -56  -1308  -5724   -960    -88   -394
    -36  -1364  -5796   -880   -129   -374
   -168  -1288  -5540   -912   -193   -437
     12  -1328  -5636   -912   -263   -496
    224  -1220  -5424   -896   -236   -524
    504  -1172  -5456   -896   -221   -534
    736  -1224  -5448   -912   -137   -514
    600  -1048  -5616   -864    -72   -472
    316  -1176  -5488   -912    -98   -483
    -12  -1180  -5708   -896    -91   -520
   -380  -1260  -5808   -880   -181   -587
   -212  -1220  -5520   -880   -297   -600
     92  -1124  -5616   -928   -336   -660
    336  -1092  -5644   -896   -342   -648
    512  -1188  -5436   -848   -335   -656
    712  -1188  -5640   -928   -230   -636
    508  -1148  -5420   -960   -202   -615
    372  -1292  -5592   -896   -172   -554
    144  -1176  -5628   -928   -198   -534
     40  -1408  -5596   -944   -300   -560
    -92  -1364  -5860   -896   -386   -570
    136  -1336  -5564   -896   -406   -572
    360  -1216  -5632   -944   -429   -581
    524  -1176  -5504   -960   -344   -555
    832  -1244  -5232   -928   -300   -490
    728  -1264  -5424   -912   -225   -435
    548  -1304  -5416   -912   -172   -393
    104  -1180  -5784   -880   -170   -373
     92  -1320  -5856   -832   -215   -376
   -224  -1236  -5664   -912   -317   -401
    -72  -1376  -5496   -912   -299   -431
    188  -1268  -5644   -896   -337   -436
    484  -1344  -5456   -912   -255   -472
    660  -1056  -5528   -896   -155   -419
    584  -1228  -5340   -880   -107   -385
    240  -1236  -5452   -848    -77   -354
     60  -1272  -5484   -928   -102   -374
    -36  -1172  -5688   -912    -97   -443
   -224  -1308  -5740   -912   -201   -461
    -96  -1228  -5636   -912   -275   -506
    208  -1256  -5532   -944   -290   -563
    412  -1208  -5592   -864   -226   -565
    496  -1104  -5396   -928   -162   -561
    504  -1140  -5636   -912    -96   -573
    396  -1128  -5624   -928   -130   -527
     44  -1232  -5528   -928   -153   -533
   -304  -1304  -5736   -896   -192   -592
   -136  -1328  -5584   -928   -277   -600
    188  -1176  -5464  -1008   -347   -686
    396  -1048  -5828   -912   -366   -665
    560  -1100  -5528   -928   -361   -658
    780  -1180  -5452   -896   -318   -634
    520  -1140  -5756   -912   -220   -597
    528  -1112  -5532   -928   -201   -533
    200  -1332  -5528   -912   -165   -514
     84  -1220  -5656   -896   -319   -522
    -48  -1356  -5460   -928   -345   -482
    156  -1320  -5564   -912   -371   -526
    208  -1360  -5688   -960   -400   -476
    520  -1252  -5660   -928   -345   -481
    836  -1144  -5536   -944   -279   -453
    636  -1180  -5548   -928   -249   -402
    508  -1276  -5576   -912   -147   -398
    252  -1228  -5452   -912   -115   -370
   -120  -1400  -5428   -896   -173   -345
   -140  -1416  -5488   -960   -228   -392
    -16  -1300  -5412   -912   -287   -409
    132  -1276  -5328   -928   -320   -460
    344  -1376  -5424   -912   -239   -463
    572  -1316  -5412   -912   -228   -484
    724  -1268  -5304   -864   -144   -417
    300  -1268  -5560   -896    -91   -407
    -40  -1232  -5532   -944    -77   -411
    -12  -1268  -5512   -944    -82   -501
   -416  -1292  -5628   -944   -188   -559
   -212  -1152  -5452   -928   -243   -587
    200  -1240  -5608   -912   -262   -587
    284  -1120  -5584   -896   -248   -602
    644  -1120  -5536   -912   -234   -600
    508  -1208  -5496   -976   -192   -621
    564  -1264  -5664   -912   -162   -603
    316  -1104  -5524   -928   -123   -567
    180  -1208  -5524   -928   -211   -567
    -52  -1136  -5724   -928   -304   -616
   -180  -1172  -5684   -944   -375   -663
    360  -1288  -5524   -944   -386   -669
    508  -1136  -5620   -960   -368   -594
    556  -1244  -5500   -944   -342   -592
    644  -1168  -5440   -976   -238   -542
    556  -1196  -5700   -896   -235   -496
    368  -1312  -5564   -928   -221   -469