    300  -2776  -5132   -576   -214   -588
    340  -2632  -5048   -592   -224   -570
    336  -2668  -5380   -592   -226   -602
    388  -2700  -5324   -560   -220   -570
    232  -2816  -5080   -624   -235   -598
    380  -2580  -5164   -592   -194   -582
    224  -2616  -5020   -608   -200   -584
    348  -2688  -5096   -592   -182   -534
    328  -2812  -5116   -624   -198   -506
    332  -2816  -5080   -624   -186   -484
    212  -2664  -5188   -592   -155   -472
    304  -2596  -5344   -608   -170   -456
    256  -2628  -5284   -608   -135   -389
    416  -2720  -5064   -656   -116   -430
    304  -2704  -5140   -608   -103   -451
    428  -2792  -5284   -624    -86   -430
    220  -2768  -5216   -704    -84   -457
    232  -2732  -5252   -640   -100   -529
    188  -2552  -5300   -640   -106   -525
    272  -2700  -5368   -640   -110   -531
    260  -2788  -5076   -624    -99   -532
    172  -2776  -5340   -640   -135   -580
    436  -2684  -5376   -656   -158   -567
    216  -2816  -4956   -592   -144   -531
    236  -2596  -5460   -672   -138   -549
    240  -2632  -5104   -656   -130   -528
    500  -2712  -5416   -688   -183   -514
    368  -2548  -5156   -624   -126   -461
    324  -2624  -5104   -656   -154   -472
    144  -2644  -5436   -656   -161   -436
    308  -2716  -5384   -656   -162   -442
    260  -2716  -5232   -672   -162   -432
    296  -2732  -5248   -656   -178   -449
    188  -2716  -5324   -672   -200   -427
    336  -2600  -5348   -656   -191   -512
    236  -2796  -5324   -688   -203   -518
    280  -2776  -5248   -640   -205   -556
    380  -2664  -5272   -640   -226   -577
    340  -2640  -4956   -672   -189   -565
    416  -2628  -5380   -688   -219   -560
    456  -2652  -5228   -672   -217   -552
    384  -2632  -5252   -688   -196   -564
    292  -2684  -5268   -640   -207   -530
    428  -2712  -5308   -656   -162   -532
    324  -2904  -5420   -624   -160   -480
    212  -2768  -5244   -720   -159   -482
    412  -2644  -5068   -736   -148   -428
    240  -2808  -5144   -672   -120   -418
    368  -2764  -5352   -704   -120   -393
    260  -2668  -5240   -736   -135   -410
    272  -2644  -5304   -672   -129   -462
    172  -2556  -5220   -672    -66   -452
    308  -2800  -5024   -688   -154   -466
    204  -2728  -5080   -672    -94   -499
    276  -2744  -5120   -720   -170   -540
    280  -2716  -5312   -656   -115   -548
    268  -2552  -5240   -688   -125   -561
    200  -2748  -5280   -704   -124   -603
    464  -2728  -5312   -688   -165   -562
    240  -2812  -5456   -704   -136   -532
    380  -2648  -5272   -720   -179   -550
    280  -2676  -5084   -736   -159   -523
    348  -2648  -5300   -736   -150   -497
    364  -2628  -5312   -672   -160   -466
    276  -2560  -5096   -704   -157   -456
    488  -2616  -5200   -720   -147   -484
    336  -2636  -5220   -672   -197   -423
    248  -2676  -5320   -704   -154   -465
    264  -2704  -5304   -720   -197   -440
    280  -2652  -5300   -736   -208   -477
    232  -2688  -5200   -752   -193   -474
    236  -2808  -5016   -720   -180   -497
    276  -2664  -5128   -688   -211   -571
    272  -2752  -5080   -720   -216   -573
    416  -2588  -5236   -736   -230   -543
    368  -2688  -5336   -688   -240   -556
    260  -2772  -5084   -736   -234   -557
    276  -2664  -5288   -784   -229   -535
    360  -2712  -5220   -752   -175   -520
    464  -2596  -5244   -704   -174   -501
    416  -2608  -5408   -704   -161   -458
    372  -2756  -5212   -752   -157   -446
    280  -2620  -5144   -752   -142   -469
    396  -2596  -5268   -752   -138   -474
    220  -2668  -5364   -720   -115   -438
    312  -2600  -5076   -752   -120   -428
    196  -2768  -5316   -784    -92   -436
    240  -2692  -5196   -720   -131   -436
    184  -2724  -5332   -688   -126   -455
    292  -2816  -5284   -800    -74   -505
    240  -2636  -5304   -768   -130   -558
    308  -2692  -5140   -720   -165   -530
    268  -2568  -5168   -720   -143   -588
    252  -2640  -5292   -736   -133   -587
    368  -2644  -5180   -752   -145   -549
    492  -2748  -5288   -784   -163   -562
    404  -2620  -5440   -736   -177   -518
    332  -2624  -5196   -720   -147   -523
    400  -2540  -5192   -752   -155   -524
    356  -2756  -5120   -784   -149   -466
    312  -2732  -5340   -752   -172   -468
    332  -2580  -5104   -736   -158   -477
    300  -2692  -5312   -800   -196   -442
    404  -2772  -5220   -736   -149   -464
    180  -2704  -5148   -736   -181   -487
    364  -2712  -5048   -768   -249   -488
    288  -2736  -5292   -736   -211   -491
    276  -2708  -5224   -784   -207   -565
    212  -2664  -5080   -784   -243   -539
    324  -2740  -5180   -752   -218   -577
    424  -2600  -5368   -736   -244   -571
    328  -2704  -5240   -784   -254   -588
    324  -2692  -5376   -768   -218   -528
    412  -2684  -5260   -768   -184   -541
    348  -2576  -5144   -800   -193   -526
    376  -2680  -5164   -736   -148   -492
    536  -2768  -5360   -736   -157   -472
    336  -2828  -5308   -768   -164   -445
    212  -2820  -5200   -752   -119   -403
    360  -2740  -5320   -704   -136   -401
    316  -2680  -5132   -784   -125   -427
    280  -2600  -4964   -816   -124   -408
    320  -2764  -5288   -784   -110   -438
    284  -2656  -5328   -752    -73   -468
    308  -2812  -5172   -736   -116   -475
    192  -2656  -5200   -784   -101   -509
    308  -2720  -5328   -800   -117   -510
    264  -2748  -5376   -784   -142   -519
    204  -2648  -5132   -736   -123   -572
    276  -2708  -4968   -768   -121   -591
    440  -2664  -5100   -768   -139   -570
    284  -2576  -5372   -736   -153   -536
    296  -2696  -5204   -752   -164   -519
    340  -2664  -5120   -736   -152   -536
    312  -2696  -5268   -816   -140   -487
    412  -2756  -5284   -768   -171   -480
    132  -2708  -5376   -752   -161   -431
    264  -2752  -5268   -784   -150   -468
    300  -2780  -5172   -768   -184   -468
    356  -2720  -5176   -784   -168   -476
    268  -2684  -5272   -752   -174   -477
    268  -2860  -5048   -752   -208   -512
    240  -2620  -5048   -784   -218   -541
    248  -2760  -5396   -720   -211   -549
    220  -2696  -5124   -784   -212   -581
    352  -2732  -5220   -768   -193   -567
    372  -2600  -5304   -816   -177   -587
    420  -2836  -5240   -736   -204   -532
    360  -2680  -5132   -768   -207   -546
    292  -2740  -5336   -768   -156   -550
    464  -2608  -5292   -800   -218   -493
    548  -2696  -5364   -784   -182   -505
    484  -2736  -5152   -816   -127   -482
    344  -2840  -5036   -816   -160   -415
    360  -2624  -5080   -752   -103   -442
    328  -2744  -5112   -816   -137   -445
    236  -2780  -5360   -800   -132   -411
    248  -2612  -5196   -800   -129   -418
    240  -2712  -5180   -800   -106   -435
    236  -2656  -5016   -800   -115   -445
    204  -2816  -5420   -768   -142   -487
    276  -2808  -5332   -752    -81   -510
    428  -2656  -5248   -800   -130   -521
    288  -2732  -5112   -816   -133   -558
    348  -2812  -5176   -800   -166   -576
    288  -2608  -5328   -800   -156   -560
    452  -2676  -5408   -816   -187   -548
    396  -2752  -5132   -800   -178   -556
    268  -2800  -5192   -784   -150   -508
    320  -2800  -5244   -800   -156   -491
    448  -2668  -5124   -752   -155   -547
    404  -2736  -5124   -816   -176   -461
    332  -2704  -5164   -768   -178   -504
    356  -2760  -5284   -752   -182   -495
    248  -2648  -5120   -736   -152   -491
    112  -2712  -4992   -784   -221   -441
    380  -2708  -5184   -768   -173   -492
    268  -2640  -5024   -768   -185   -507
    280  -2656  -5132   -768   -189   -526
    168  -2716  -5076   -800   -224   -529
    316  -2632  -5352   -784   -239   -542
    276  -2800  -5244   -800   -166   -535
    296  -2724  -5192   -768   -233   -566
    420  -2704  -4988   -736   -213   -530
    340  -2632  -5388   -752   -216   -542
    280  -2540  -5388   -768   -191   -535
    352  -2760  -5288   -800   -153   -489
    404  -2668  -5336   -816   -137   -455
    304  -2544  -5300   -832   -116   -440
    228  -2708  -5060   -832   -138   -468
    492  -2636  -5312   -768   -144   -435
    284  -2776  -5248   -832   -136   -418
    324  -2760  -5164   -816   -131   -392
    364  -2724  -5108   -800   -161   -464
    228  -2676  -5040   -816   -117   -454
    116  -2736  -5200   -800   -124   -484
    284  -2744  -5280   -848   -154   -488
    244  -2700  -5116   -784   -169   -537
     64  -2676  -5292   -736   -146   -524
    372  -2620  -5208   -784   -165   -564
    208  -2596  -5176   -832   -179   -559
    220  -2700  -5328   -816   -129   -561
    400  -2756  -5036   -832   -130   -527
    308  -2628  -5200   -768   -190   -567
    464  -2604  -5184   -784   -175   -501
    344  -2676  -5236   -800   -183   -556
    392  -2700  -5320   -816   -176   -503
    472  -2680  -5324   -752   -222   -501
    468  -2640  -5212   -752   -178   -491
    288  -2620  -5280   -832   -187   -464
    188  -2656  -5100   -864   -194   -449
    276  -2688  -5160   -800   -194   -506
    272  -2664  -5152   -832   -188   -512
    240  -2620  -5168   -784   -233   -469
    328  -2708  -5216   -864   -230   -525
    352  -2720  -5092   -848   -217   -545
    356  -2768  -5276   -768   -192   -522
    224  -2668  -5240   -784   -232   -500
    300  -2676  -5220   -784   -216   -548
    260  -2776  -5160   -848   -189   -517
    352  -2648  -5200   -816   -224   -502
    344  -2724  -4996   -800   -201   -500
    304  -2848  -5368   -784   -179   -463
    324  -2752  -5324   -800   -189   -473
    376  -2764  -5388   -800   -133   -405
    316  -2784  -5152   -800   -152   -401
    248  -2632  -5216   -784   -121   -425
    336  -2724  -5208   -816   -123   -415
    352  -2812  -5300   -800   -136   -439
    372  -2628  -5292   -832   -121   -447
    240  -2648  -5332   -816   -138   -460
    356  -2704  -5200   -816   -129   -486
    276  -2732  -5328   -816   -154   -492
    208  -2696  -5136   -768   -163   -510
    348  -2564  -5124   -832   -182   -534
    348  -2584  -5208   -784   -168   -540
    352  -2776  -5180   -832   -179   -567
    332  -2804  -5176   -816   -185   -552
    332  -2684  -5300   -816   -168   -571
    296  -2816  -5064   -784   -157   -536
    404  -2620  -5128   -800   -162   -495
    312  -2724  -5248   -800   -188   -500
    432  -2784  -5144   -832   -198   -498
    316  -2608  -5060   -752   -207   -508
    472  -2576  -5180   -816   -138   -433
    376  -2772  -5312   -848   -187   -490
    228  -2648  -5200   -784   -180   -480
    308  -2644  -5204   -800   -201   -482
    308  -2548  -5112   -784   -170   -493
    292  -2752  -5040   -800   -233   -499
    328  -2712  -5240   -848   -192   -515
    292  -2792  -5348   -800   -204   -542
    228  -2640  -5164   -800   -190   -531
    228  -2848  -5380   -800   -204   -491
    264  -2700  -5280   -816   -216   -514
    396  -2704  -5052   -800   -185   -514
    300  -2732  -5032   -784   -198   -492
    388  -2744  -5028   -832   -198   -473
    296  -2608  -5336   -800   -150   -464
    296  -2804  -5356   -832   -177   -448
    220  -2768  -5308   -848   -145   -447
    320  -2812  -5040   -800   -131   -466
    300  -2756  -5180   -816   -149   -444
    280  -2804  -5336   -832   -146   -438
    176  -2700  -5220   -816   -127   -458
    160  -2672  -5244   -816    -92   -453
    132  -2712  -5208   -832   -162   -481
    432  -2728  -5088   -832   -133   -486
    280  -2800  -5212   -800   -189   -523
    328  -2572  -5180   -784   -157   -531
    408  -2688  -5232   -784   -184   -519
    356  -2588  -4900   -848   -176   -560
    272  -2656  -5132   -800   -154   -555
    360  -2572  -5276   -832   -155   -576
    272  -2836  -4956   -816   -181   -564
    376  -2708  -5244   -816   -184   -518
    320  -2724  -5264   -816   -190   -564
    396  -2788  -5208   -800   -211   -546
    312  -2668  -5260   -800   -170   -499
    260  -2708  -5396   -768   -191   -494
    228  -2536  -5132   -816   -189   -438
    280  -2724  -5304   -832   -170   -444
    204  -2724  -5220   -816   -183   -496
    444  -2504  -5220   -832   -174   -500
    304  -2720  -5068   -864   -206   -516
    264  -2744  -5464   -848   -193   -510
    300  -2620  -5300   -816   -192   -519
    236  -2684  -5348   -816   -219   -520
    364  -2756  -5160   -864   -203   -527
    236  -2524  -5156   -848   -203   -506
    396  -2712  -5108   -784   -191   -521
    316  -2664  -5072   -816   -189   -561
    324  -2660  -5252   -832   -203   -518
    300  -2664  -5360   -800   -157   -497
    304  -2828  -5272   -832   -160   -504
    308  -2600  -5376   -816   -180   -472
    344  -2776  -5504   -784   -147   -448
    304  -2552  -5084   -832   -127   -440
    364  -2704  -5148   -768   -126   -414
    292  -2676  -5180   -816   -140   -428
    332  -2628  -5232   -832   -138   -411
    364  -2712  -5184   -800   -105   -454
    268  -2672  -5316   -816   -171   -497
    264  -2712  -5180   -880   -127   -487
    288  -2780  -5240   -848   -168   -498
    392  -2840  -5080   -800   -147   -546
    336  -2704  -5244   -864   -159   -555
    312  -2780  -5304   -768   -129   -522
    276  -2608  -5268   -832   -170   -551
    404  -2752  -5192   -816   -160   -550
    328  -2716  -5236   -800   -181   -568
    352  -2740  -5300   -848   -174   -535
    388  -2432  -5168   -800   -202   -545
    244  -2580  -5308   -832   -176   -495
    332  -2668  -5220   -832   -213   -520
    372  -2660  -5276   -816   -198   -463
    160  -2792  -5052   -832   -143   -534
    312  -2700  -5220   -864   -218   -454
    324  -2668  -5104   -832   -217   -515
    328  -2604  -5256   -848   -195   -469
    196  -2712  -5080   -848   -217   -499
    180  -2680  -5056   -784   -164   -477
    244  -2740  -5184   -800   -181   -529
    348  -2660  -5288   -800   -171   -535
    476  -2708  -5156   -864   -165   -523
    312  -2592  -5064   -912   -208   -523
    256  -2740  -5284   -800   -200   -521
    292  -2796  -5172   -816   -210   -517
    200  -2728  -5032   -832   -189   -478
    260  -2792  -5244   -816   -188   -451
    316  -2684  -5256   -832   -158   -472
    316  -2736  -5388   -816   -152   -446
    280  -2748  -5140   -848   -147   -452
    332  -2700  -5112   -800   -144   -425
    208  -2780  -5304   -832   -165   -431
    388  -2824  -5096   -832   -135   -442
    296  -2640  -5244   -864   -158   -449
    404  -2784  -5052   -848   -156   -473
    396  -2664  -5140   -832   -142   -503
    144  -2704  -5176   -800   -176   -517
    176  -2708  -5144   -832   -196   -563
    344  -2864  -5268   -880   -173   -579
    272  -2780  -5080   -864   -154   -531
    224  -2756  -5296   -864   -185   -556
    328  -2740  -5216   -832   -164   -552
    296  -2744  -4944   -832   -183   -565
    200  -2796  -5348   -848   -190   -573
    296  -2728  -5268   -848   -170   -535
    276  -2788  -5136   -864   -193   -538
    360  -2832  -5236   -848   -192   -514
    268  -2716  -5188   -864   -204   -507
    408  -2636  -5168   -816   -166   -491
    380  -2772  -5444   -848   -193   -498
    304  -2856  -5160   -880   -218   -490
    204  -2644  -5120   -864   -179   -485
    400  -2644  -5140   -848   -185   -495
    176  -2796  -5260   -848   -210   -510
    240  -2740  -5340   -832   -213   -483
    236  -2768  -5156   -848   -178   -512
    132  -2752  -5252   -880   -175   -498
    248  -2648  -4984   -848   -129   -511
    148  -2728  -5208   -800   -186   -511
    288  -2676  -5256   -816   -203   -537
    264  -2640  -5248   -864   -181   -515
    292  -2724  -5184   -880   -207   -474