    296  -2892  -5088   -688   -142   -501
    216  -2952  -5288   -704   -181   -482
    212  -2864  -5248   -704   -145   -467
    208  -2904  -5228   -688   -174   -462
    204  -2848  -5244   -720   -195   -513
    292  -2924  -5360   -672   -200   -501
    200  -2864  -5192   -688   -185   -492
    228  -2868  -5044   -720   -195   -499
    184  -2900  -5212   -688   -177   -524
    296  -2784  -5428   -736   -142   -554
    332  -2888  -5140   -704   -187   -532
    248  -2828  -5256   -704   -150   -503
    312  -2900  -5096   -672   -193   -507
    436  -2840  -5104   -656   -189   -481
    276  -2900  -5100   -688   -176   -495
    468  -2848  -5108   -736   -133   -446
    300  -3092  -5232   -688   -105   -488
    184  -2908  -5272   -688   -142   -476
    212  -2860  -4956   -688   -184   -545
    264  -2796  -5276   -704   -197   -561
    240  -2936  -5192   -704   -185   -548
    368  -2748  -5168   -672   -127   -577
    396  -2984  -5056   -688   -131   -542
    292  -2836  -5228   -752   -129   -532
    200  -2936  -5320   -736   -138   -489
    364  -2908  -5224   -752   -181   -496
    340  -2844  -5188   -752   -160   -510
    412  -2840  -5288   -720   -204   -479
    272  -2832  -5272   -704   -124   -526
    460  -2828  -5056   -736   -107   -503
    416  -2876  -5332   -704    -74   -443
    500  -2768  -5124   -704    -42   -380
    736  -2896  -5056   -704    -19   -168
    876  -2676  -5408   -704     75    175
  -1372  -2228  -6372   -736    105    526
    -40  -2744  -5548   -656     22    784
   -324  -2572  -5992   -720   -156    912
   -160  -2568  -5448   -784   -274    910
   -392  -2564  -5396   -720   -330    668
   -376  -2696  -5176   -736   -238    364
   -468  -2756  -4908   -704   -233    -78
   -472  -2872  -4928   -736   -270   -544
   -604  -2932  -5228   -720   -380   -930
   -452  -2848  -5236   -752   -576  -1234
   -200  -2760  -5344   -736   -798  -1419
    168  -2484  -4992   -672   -896  -1460
    420  -2672  -5348   -736   -728  -1361
    928  -2616  -5348   -720   -410  -1259
   1128  -2628  -5032   -752   -165  -1077
   1096  -2516  -4912   -768     38   -906
   1180  -2816  -5156   -768     -8   -660
    888  -2840  -5348   -736    -56   -400
    420  -2928  -5312   -720   -121      5
   1188  -2644  -4312   -752    -21    477
  -2932  -2396  -5768   -768     53    513
   -156  -1480  -5844   -736     63    714
  -1636  -2160  -5636   -720    207    478
   -496  -2912  -4628   -704    262    126
   1196  -2968  -4460   -736    166   -374
   -172  -3036  -5000   -752    -97   -702
    236  -2816  -5140   -752    -98   -952
   -140  -2920  -5108   -736    -73  -1168
   -292  -2780  -5376   -816    -18  -1216
   -276  -2676  -5336   -784    -40  -1209
    312  -2656  -5284   -752   -201  -1254
    460  -2644  -4884   -736   -264  -1287
    808  -2748  -5116   -768   -368  -1282
    960  -2648  -5384   -784   -226  -1106
    944  -2592  -5368   -768    -60   -846
    912  -2628  -5464   -768    123   -511
    436  -2800  -5372   -736    129   -117
   2472  -2096  -4476   -720    110    280
   -408  -2172  -5084   -720    -19    399
   -976  -3304  -6756   -704   -517    494
   1196  -2416  -5460   -736   -353    282
  -1328  -2420  -5432   -704   -259    186
  -1172  -2332  -6292   -736   -176   -162
   1976  -2860  -4632   -768   -117   -302
  -3124  -4764  -4532   -800   -278   -575
    584  -1688  -5324   -752   -554   -638
   1696  -3536  -4624   -752   -580   -959
   -836  -2740  -4916   -768   -716   -916
    384  -2668  -5568   -768   -761   -824
    960  -2532  -4996   -736   -489   -952
    364  -2800  -5144   -736   -269   -907
    968  -2668  -5316   -736   -162   -920
    964  -2812  -5136   -768   -141   -867
    804  -2724  -5220   -752   -167   -731
    560  -2748  -5132   -720   -238   -462
    460  -2800  -5372   -720   -192   -107
    372  -2516  -5016   -768    -77    201
    308  -2760  -5348   -768    145    346
   2652  -1912  -5840   -768     32    271
   -244  -2124  -5212   -736    144     13
  -1128  -2680  -5260   -736     -4   -244
  -1168  -2716  -5232   -704    -18   -667
   -516  -2384  -5776   -800   -144   -864
   -456  -3008  -5656   -720    -49  -1084
   -592  -2944  -5664   -736      1   -972
   -124  -2700  -5312   -736     37   -926
    152  -2860  -5416   -784    -44   -925
    316  -2604  -5364   -752   -184   -954
    728  -2588  -5056   -720   -244   -970
    932  -2568  -5100   -736   -171   -982
    988  -2680  -5032   -784    -85   -919
    780  -2668  -5436   -784     46   -724
    540  -2636  -5396   -752    120   -484
    580  -2728  -5532   -768     49   -201
    516  -2724  -5384   -752    -85     45
    284  -2724  -5316   -768   -220    250
    -84  -2672  -5292   -704   -295    267
     28  -3168  -4884   -784   -313    281
   3276  -2916  -3888   -768   -153     24
    128  -2960  -4404   -752   -107   -390
   -692  -2760  -5056   -752   -184   -567
   -108  -2584  -5192   -752   -365   -786
     12  -2908  -5228   -800   -549   -812
    -40  -2572  -5344   -768   -622   -784
    320  -2748  -5308   -768   -642   -682
    392  -2828  -5180   -752   -545   -654
    652  -2712  -4904   -784   -417   -695
    772  -2848  -5044   -736   -283   -724
    812  -2676  -5096   -752   -213   -716
    752  -2728  -5228   -784   -162   -695
    784  -2732  -5044   -752   -242   -544
    388  -2772  -5380   -736   -224   -317
    140  -2696  -5508   -768   -187    -40
    348  -2668  -5324   -736    -51    111
   1068  -2816  -4840   -752     76    159
    -60  -2936  -4952   -752    134     43
   1240  -3404  -4716   -720    141   -271
    248  -3016  -4920   -720     40   -570
    -88  -2788  -5260   -784    -61   -871
    132  -2728  -5332   -768    -33   -960
   -180  -2884  -5444   -736    -39   -946
    136  -2752  -5368   -752     12   -855
    124  -2740  -5284   -768      9   -819
    320  -2744  -5388   -800    -47   -743
    576  -2856  -5184   -736   -154   -779
    716  -2680  -4900   -752   -159   -805
    788  -2568  -5288   -784   -118   -789
    672  -2600  -5116   -800    -35   -686
    628  -2708  -5400   -768     67   -557
    528  -2692  -5240   -752     56   -366
    284  -2788  -5420   -736    -58   -148
    304  -2712  -5220   -800   -165     45
    224  -2664  -5192   -736   -231     92
    152  -2684  -5156   -704   -283     20
   -284  -2592  -5000   -752   -264   -110
     72  -3024  -5220   -800   -220   -315
     32  -2916  -4788   -768   -235   -568
    224  -2832  -5120   -784   -333   -688
    112  -2804  -5148   -752   -435   -783
    220  -2812  -5344   -784   -534   -793
    160  -2656  -5480   -736   -606   -718
    256  -2720  -5192   -768   -531   -633
    512  -2636  -5232   -816   -451   -571
    600  -2696  -4984   -784   -334   -541
    736  -2784  -5152   -768   -212   -581
    652  -2816  -5060   -768   -192   -575
    456  -2824  -5220   -768   -196   -486
    416  -2716  -5344   -784   -202   -379
    232  -2812  -5416   -800   -188   -226
    372  -2684  -5404   -800   -115    -76
    276  -2680  -5312   -768      7    -32
    220  -2800  -5180   -784     35   -112
    200  -2856  -5056   -784     96   -239
    160  -2708  -5012   -752     32   -433
     40  -2804  -5152   -800      5   -652
   -120  -2728  -5140   -816    -56   -843
     92  -2740  -5108   -736     52   -937
    112  -2712  -5208   -784     13   -983
    252  -2668  -5224   -736    -32   -875
    296  -2676  -5288   -800    -55   -818
    428  -2624  -5308   -800    -94   -745
    544  -2692  -5332   -816    -59   -747
    600  -2660  -5256   -784    -50   -688
    564  -2656  -5040   -784    -54   -604
    560  -2608  -5272   -768    -12   -577
    408  -2740  -5264   -736    -20   -426
    428  -2824  -5444   -800    -50   -308
    240  -2760  -5260   -784   -107   -177
    104  -2748  -5296   -800   -192    -84
     60  -2824  -5284   -784   -270    -83
    184  -2748  -5152   -784   -287   -126
    128  -2776  -4940   -800   -280   -282
     56  -2864  -5064   -768   -327   -440
    252  -2772  -5204   -752   -353   -571
     88  -2636  -5124   -784   -441   -701
     40  -2740  -5200   -736   -469   -769
    192  -2756  -5284   -800   -481   -732
    316  -2908  -5544   -784   -477   -665
    464  -2760  -5172   -832   -421   -575
    540  -2660  -5344   -752   -367   -548
    580  -2800  -4960   -784   -273   -499
    620  -2764  -5080   -816   -258   -448
    556  -2712  -5352   -800   -196   -433
    420  -2684  -5276   -800   -167   -349
    332  -2720  -5024   -800   -160   -262
    472  -2704  -5256   -816   -114   -172
    204  -2772  -5132   -784    -45    -91
   1052  -2808  -4696   -816     46   -154
   -648  -3212  -5372   -784     16   -217
    104  -2680  -4904   -768     27   -293
    432  -2956  -4944   -800      3   -550
    -76  -2604  -4828   -768    -51   -701
    168  -2812  -5076   -768    -41   -877
    296  -2780  -5140   -832    -35   -872
    372  -2796  -5200   -816    -25   -902
    180  -2736  -5320   -752     -9   -825
    440  -2620  -5272   -800    -58   -723
    464  -2784  -5040   -752    -61   -668
    668  -2572  -5288   -784    -71   -625
    584  -2548  -5132   -768    -22   -603
    500  -2776  -5144   -768    -39   -511
    496  -2692  -4956   -800    -21   -446
    372  -2728  -5164   -800    -48   -381
    236  -2708  -5276   -784    -56   -285
    312  -2780  -5120   -768   -158   -236
    192  -2752  -5296   -784   -234   -229
    220  -2696  -5140   -784   -260   -241
    292  -2748  -5056   -800   -264   -324
    428  -2672  -4864   -768   -256   -480
    364  -2840  -5092   -800   -319   -568
    356  -2732  -5072   -752   -376   -713
    196  -2724  -5092   -752   -406   -709
    100  -2760  -5232   -784   -457   -695
    444  -2616  -5172   -784   -448   -672
    400  -2848  -5196   -768   -445   -573
    464  -2804  -5396   -784   -418   -496
    496  -2784  -5156   -784   -354   -389
    608  -2832  -5100   -768   -261   -380
    532  -2748  -5032   -816   -203   -344
    644  -2780  -5172   -784   -184   -325
    384  -2744  -5120   -784   -130   -291
    316  -2868  -5116   -816   -147   -235
    244  -2852  -5336   -816    -57   -223
    276  -2808  -5332   -784    -31   -200
     92  -2760  -5300   -800    -26   -260
    176  -2912  -4980   -816     -8   -381
     12  -2752  -5016   -768    -12   -523
    172  -2904  -5196   -768    -19   -698
    136  -2836  -5032   -752    -42   -816
     68  -2808  -5360   -784    -29   -829
    324  -2760  -5412   -784     -6   -884
    280  -2748  -4976   -816     -2   -828
    440  -2800  -5224   -800    -11   -765
    416  -2748  -5164   -800    -20   -684
    652  -2668  -5224   -768    -95   -642
    568  -2632  -5032   -784    -71   -547
    416  -2660  -5116   -816    -66   -485
    452  -2856  -5320   -768    -75   -408
    408  -2768  -5300   -832    -49   -366
    488  -2844  -5224   -800    -89   -350
    244  -2792  -5312   -800   -176   -290
    192  -2716  -5288   -784   -244   -291
    104  -2728  -5404   -784   -258   -320
    152  -2812  -5268   -800   -302   -356
    104  -2784  -5168   -768   -332   -443
    172  -2860  -5260   -816   -351   -544
    292  -2620  -5044   -768   -355   -617
    184  -2792  -5196   -832   -403   -671
    296  -2652  -5228   -784   -443   -719
    240  -2728  -5344   -816   -448   -691
    324  -2700  -5228   -784   -423   -610
    512  -2596  -5244   -784   -384   -518
    488  -2580  -5260   -816   -270   -423
    480  -2864  -5396   -800   -246   -345
    504  -2772  -5256   -816   -200   -293
    256  -2752  -5080   -800   -165   -260
    460  -2904  -5000   -800   -158   -235
    240  -2792  -5240   -832   -117   -227
    212  -2832  -5112   -800    -90   -218
    -28  -2692  -5168   -784    -35   -234
    120  -2896  -5000   -752      1   -311
     -4  -2860  -5100   -784    -38   -414
    132  -2796  -4984   -784    -29   -522
     64  -2784  -5188   -736    -45   -644
    240  -2792  -5140   -784    -37   -739
    280  -2704  -5088   -752    -63   -820
    308  -2716  -5044   -800    -36   -834
    448  -2720  -5384   -816    -54   -823
    364  -2708  -5216   -800    -24   -781
    464  -2688  -5348   -832    -63   -734
    432  -2680  -5100   -848    -69   -627
    528  -2812  -5292   -816    -66   -551
    544  -2644  -5124   -768    -91   -491
    396  -2852  -5216   -832    -70   -412
    416  -2680  -5152   -832     -6   -369
    352  -2712  -5128   -800    -88   -343
    300  -3000  -5128   -816   -171   -364
    172  -2792  -5228   -800   -217   -394
     72  -2724  -5360   -768   -274   -371
     -8  -2760  -5004   -832   -291   -429
     80  -2772  -5252   -800   -307   -490
    144  -2784  -5552   -800   -318   -571
    312  -2652  -4976   -784   -364   -626
    268  -2708  -5064   -752   -382   -677
    356  -2752  -5124   -800   -393   -656
    448  -2772  -4956   -816   -429   -622
    636  -2632  -5156   -784   -398   -555
    464  -2748  -5100   -832   -373   -504
    584  -2708  -5284   -832   -281   -416
    380  -2732  -5088   -800   -305   -331
    400  -2732  -5264   -800   -187   -287
    384  -2760  -5164   -816   -202   -219
    352  -2768  -5112   -784   -152   -189
    244  -2760  -5236   -816   -134   -196
    368  -2856  -5060   -800    -80   -231
    124  -2836  -5120   -832    -33   -256
    236  -2760  -5300   -832    -39   -326
     72  -2776  -5288   -816     -9   -498
    144  -2680  -5136   -816    -39   -577
    124  -2880  -5140   -816    -70   -668
    120  -2756  -5316   -800    -72   -744
    408  -2752  -5148   -816    -70   -798
    440  -2892  -5152   -800    -70   -843
    380  -2584  -5216   -800    -36   -781
    448  -2812  -5332   -800    -41   -782
    432  -2736  -5064   -832    -23   -710
    428  -2712  -5180   -800    -50   -697
    484  -2672  -5096   -800    -96   -602
    500  -2668  -5120   -816    -72   -512
    440  -2704  -5140   -800    -61   -385
    336  -2772  -5204   -832   -101   -398
    208  -2684  -5252   -864   -115   -371
    280  -2844  -5288   -832   -170   -337
    176  -2828  -4988   -816   -222   -369
    252  -2676  -5212   -848   -259   -432
      4  -2800  -5348   -832   -267   -479
     92  -2716  -5108   -816   -304   -508
    136  -2868  -5112   -768   -300   -569
    300  -2764  -5216   -832   -322   -649
    276  -2668  -5268   -880   -380   -653
    376  -2728  -5316   -832   -392   -636
    512  -2780  -5260   -816   -375   -626
    436  -2856  -5296   -816   -368   -580
    444  -2784  -5272   -832   -346   -498
    480  -2728  -5400   -800   -302   -383
    420  -2736  -5076   -832   -234   -328
    532  -2900  -5116   -800   -198   -265
    332  -2836  -5044   -848   -193   -227
    416  -2844  -4932   -832   -181   -182
    296  -2616  -5060   -816   -115   -162
    184  -2668  -5172   -832    -78   -207
    156  -2800  -5024   -832    -91   -260
    176  -2884  -5108   -816    -44   -347
    124  -2836  -5280   -864    -41   -445
     32  -2868  -5128   -816    -68   -544
    156  -2784  -5320   -816    -67   -651
    196  -2728  -5280   -848    -84   -744
    196  -2856  -5272   -784    -58   -772
    120  -2828  -5260   -800    -66   -763
    352  -2720  -5264   -848    -51   -778
    388  -2688  -5160   -832    -39   -761
    420  -2640  -5236   -832    -79   -739
    352  -2804  -5144   -848   -105   -674
    484  -2768  -5320   -848    -82   -629
    376  -2960  -5060   -784    -79   -515
    372  -2704  -4924   -848   -112   -465
    328  -2764  -5336   -832   -109   -416
    220  -2664  -5176   -848   -106   -357
    288  -2592  -5136   -832   -186   -372
    180  -2712  -5168   -864   -167   -404
    260  -2784  -5284   -832   -234   -474
    284  -2716  -5168   -800   -266   -492
    296  -2692  -5108   -848   -281   -568
    152  -2736  -5304   -832   -329   -601
    276  -2680  -5456   -816   -302   -576
    252  -2788  -5300   -848   -380   -626
    292  -2788  -5128   -816   -386   -633
    348  -2896  -5276   -832   -412   -601
    552  -2760  -5128   -864   -360   -549
    412  -2684  -5216   -832   -325   -438
    492  -2892  -5276   -832   -243   -387
    368  -2864  -5192   -800   -252   -318
    408  -2828  -5100   -816   -228   -272
    296  -2824  -5204   -848   -202   -197
    320  -2740  -5156   -864   -156   -159
    224  -2864  -5224   -816   -168   -188
    136  -2792  -5120   -832    -85   -181
    228  -2728  -5040   -864    -65   -266
    132  -2700  -5100   -816    -63   -373
    168  -2696  -4952   -832    -32   -444
    224  -2784  -5176   -880   -106   -562
    304  -2656  -5032   -784   -112   -689
    360  -2828  -5200   -864   -104   -708
    276  -2692  -5308   -848    -66   -773
    356  -2844  -5284   -832    -81   -761
    344  -2780  -5084   -832    -79   -741
    240  -2772  -5088   -880    -75   -738
    504  -2708  -4984   -848    -66   -688
    636  -2700  -5276   -800    -61   -618
    364  -2768  -5192   -848    -28   -577
    444  -2796  -5344   -848    -71   -539
    416  -2732  -5292   -832    -88   -497
    312  -2728  -5228   -816    -82   -410
    428  -2852  -5316   -880   -133   -385
    216  -2808  -5208   -880   -157   -400
    160  -2848  -5252   -832   -182   -436
     64  -2688  -5180   -832   -223   -455
    320  -2776  -5244   -848   -292   -523
    124  -2872  -5192   -832   -252   -592
    244  -2728  -5052   -848   -281   -645
    328  -2724  -5288   -832   -333   -613
    252  -2816  -5260   -864   -369   -635
    372  -2808  -5172   -896   -353   -604
    364  -2752  -5228   -832   -383   -553
    412  -2836  -5184   -848   -328   -490
    496  -2916  -5104   -832   -309   -413
    444  -2700  -5008   -848   -225   -366
    504  -2828  -5308   -832   -224   -293
    428  -2684  -5420   -832   -205   -256
    244  -2760  -5036   -848   -199   -233
    212  -2772  -5228   -848   -162   -175
    316  -2796  -5240   -848   -145   -182
    172  -2736  -5224   -880   -115   -226
    144  -2724  -5136   -832    -56   -277
    136  -2792  -5232   -848    -63   -388
    184  -2752  -5196   -832    -70   -469
    220  -2804  -5212   -912    -95   -608
    272  -2768  -5332   -848   -108   -699
    416  -2692  -5120   -816   -125   -733
    224  -2672  -5304   -880    -97   -756
    436  -2948  -5324   -832    -91   -740
    344  -2672  -5324   -800    -87   -734
    320  -2780  -5368   -896   -101   -688
    344  -2744  -5292   -832   -129   -665
    464  -2752  -5324   -880    -86   -612
    404  -2924  -5044   -848    -65   -579
    392  -2856  -5132   -880   -113   -515
    520  -2744  -5164   -864    -61   -481
    260  -2764  -5152   -880    -98   -446
    340  -2860  -5204   -864   -142   -434
    192  -2764  -5120   -848   -151   -454
     96  -2852  -5292   -896   -221   -457
    216  -2728  -5172   -800   -248   -509
    264  -2760  -5220   -912   -249   -557
    260  -2852  -5300   -848   -266   -575
    168  -2724  -5172   -880   -268   -636
    408  -2800  -5244   -816   -309   -657
    352  -2740  -4988   -832   -323   -587
    480  -2844  -5232   -816   -353   -592
    348  -2832  -5068   -848   -301   -534
    404  -2660  -5136   -832   -314   -447
    548  -2792  -5272   -912   -240   -416
    536  -2728  -5220   -864   -239   -350
    384  -2848  -5204   -896   -225   -271
    376  -2796  -5296   -864   -211   -252
    288  -2676  -5164   -880   -140   -213
    460  -2816  -4992   -864   -138   -223
    332  -2836  -5132   -896   -131   -235
    384  -2700  -5068   -880    -90   -218
    264  -2892  -5248   -880    -68   -335
    120  -2916  -5060   -880   -110   -382
    288  -2704  -5168   -816   -127   -474
    180  -2804  -5088   -864   -108   -572
    244  -2856  -5144   -864   -148   -668
    256  -2692  -5272   -880   -129   -722
    320  -2620  -5316   -880    -96   -706
    228  -2684  -5216   -848    -96   -743
    460  -2820  -5036   -848   -117   -731
    468  -2736  -5304   -864   -134   -721
    456  -2692  -5220   -912   -116   -702
    420  -2704  -5208   -912   -109   -621
    436  -2636  -5272   -864    -89   -592
    560  -2736  -5176   -832    -57   -539
    300  -2844  -5228   -864    -69   -457
    200  -2576  -5168   -864   -110   -453
    260  -2760  -5080   -848   -149   -448
    200  -2680  -5368   -880   -173   -450
    244  -2744  -5260   -864   -210   -482
    324  -2700  -5128   -816   -211   -530
    112  -2700  -5156   -880   -227   -551
    180  -2732  -4940   -896   -262   -589
    160  -2792  -5260   -880   -277   -590
    368  -2784  -5208   -864   -350   -656
    340  -2688  -5164   -912   -308   -632
    300  -2732  -5084   -912   -341   -575
    544  -2696  -5076   -880   -329   -534
    488  -2800  -5160   -864   -271   -445
    476  -2700  -5208   -896   -250   -372
    544  -2804  -5340   -896   -225   -314
    544  -2736  -5212   -880   -227   -249
    468  -2868  -5064   -864   -193   -236
    372  -2716  -5000   -880   -145   -178
    288  -2836  -5264   -848   -150   -167
    284  -2712  -5192   -896   -133   -163
    160  -2776  -5124   -880   -114   -263
    124  -2832  -5136   -896   -103   -314
    180  -2808  -5224   -864   -133   -403
    300  -2792  -5172   -928   -126   -506
    244  -2808  -5064   -880   -127   -575
    144  -2700  -4948   -864   -139   -653
    184  -2756  -5172   -912   -114   -676
    344  -2700  -5164   -896   -120   -702
    308  -2680  -4972   -864   -127   -726
    372  -2708  -5284   -848   -140   -720
    432  -2672  -5056   -848   -121   -704
    392  -2732  -5028   -864   -128   -660
    412  -2664  -5044   -896   -123   -594
    376  -2892  -5244   -864   -132   -564
    308  -2604  -5232   -960    -83   -537
    208  -2708  -5216   -912    -94   -490
    396  -2716  -5052   -880   -109   -485
    356  -2660  -5144   -864   -140   -468
    312  -2668  -5376   -912   -165   -501
    328  -2724  -5344   -880   -164   -543
    192  -2712  -5212   -896   -222   -528
    360  -2748  -5224   -880   -221   -593
    112  -2728  -5228   -912   -270   -629
    148  -2728  -5436   -896   -263   -630
    328  -2700  -5176   -928   -310   -634
    316  -2816  -5392   -864   -310   -576
    352  -2940  -4948   -832   -296   -551
    356  -2880  -5160   -896   -249   -478
    300  -2676  -5336   -912   -265   -444
    412  -2848  -5232   -928   -215   -361
    464  -2788  -5056   -912   -177   -316
    332  -2784  -5128   -880   -187   -250
    540  -2844  -4996   -896   -215   -190
    248  -2752  -5044   -896   -168   -176
    272  -2768  -5220   -928   -164   -198
    244  -2756  -5148   -864   -138   -215
    332  -2724  -5160   -880    -94   -291
     56  -2792  -5188   -896   -122   -334
     80  -2796  -5152   -864   -105   -452
    116  -2728  -5144   -928   -129   -525
    108  -2688  -5156   -832   -135   -596
    136  -2820  -5244   -880   -170   -632
    276  -2876  -5116   -912   -132   -678
    304  -2696  -5152   -864   -135   -695
    316  -2864  -5004   -912   -175   -719
    352  -2936  -5000   -896   -122   -719
    332  -2736  -5132   -880   -128   -681
    440  -2812  -5020   -912   -113   -650
    440  -2640  -5132   -912    -94   -600
    400  -2928  -5140   -912    -77   -563
    420  -2832  -5008   -832    -71   -504
    236  -2840  -5268   -928    -98   -476
    336  -2724  -5228   -944   -135   -480
    300  -2756  -5176   -864   -157   -469
    152  -2792  -5052   -912   -159   -510
    352  -2788  -4960   -880   -151   -532
    356  -2708  -5172   -896   -199   -601
    248  -2740  -5204   -880   -211   -636
    316  -2804  -5164   -928   -250   -588
    228  -2596  -5108   -896   -254   -632
    244  -2692  -5176   -880   -275   -633
    360  -2668  -5160   -912   -305   -563
    332  -2692  -5100   -864   -270   -545
    444  -2840  -5296   -864   -249   -477
    612  -2812  -5228   -928   -223   -417
    368  -2884  -5256   -912   -219   -356
    448  -2740  -5080   -896   -233   -312
    364  -2784  -5124   -944   -183   -261
    160  -2820  -5096   -880   -172   -216
    400  -2736  -5220   -848   -172   -170
    380  -2868  -5100   -912   -143   -221
    184  -2728  -5356   -928   -136   -240
    192  -2756  -5284   -912    -96   -297
     12  -2736  -5036   -880    -93   -334
    212  -2708  -5328   -912   -141   -431
    136  -2684  -5220   -848   -172   -523
    120  -2804  -4996   -864   -164   -625
    200  -2704  -5200   -912   -135   -642
    240  -2700  -5352   -928   -139   -679
    292  -2912  -5256   -912   -162   -694
    384  -2828  -5260   -912   -141   -701
    400  -2848  -5188   -880   -145   -688
    520  -2768  -5284   -880   -139   -684
    472  -2732  -5184   -896    -94   -621
    504  -2724  -5188   -928   -126   -598
    440  -2720  -5172   -896    -89   -560
    348  -2804  -5104   -896   -115   -493
    392  -2852  -5256   -896   -106   -487
    308  -2960  -5332   -944   -100   -469
    232  -2796  -5044   -912   -130   -497
    428  -2772  -5140   -928   -178   -555
    248  -2788  -5076   -880   -191   -534
    244  -2796  -5236   -896   -153   -570
    320  -2848  -5276   -864   -218   -612
    304  -2764  -5288   -928   -201   -634
    364  -2744  -5208   -928   -254   -637
    288  -2804  -5092   -880   -241   -637
    464  -2820  -5256   -864   -301   -562
    312  -2728  -5412   -928   -257   -524
    416  -2800  -5336   -880   -232   -471
    452  -2712  -5204   -912   -184   -411
    284  -2828  -5244   -880   -199   -332
    332  -2716  -5256   -912   -201   -298
    412  -2692  -5336   -896   -148   -254
    512  -2696  -5076   -896   -170   -235
    464  -2812  -5276   -944   -129   -186
    328  -2808  -5184   -928   -170   -213
    340  -2756  -5068   -880   -159   -280
    248  -2784  -5264   -912   -164   -311
    176  -2832  -5272   -880   -178   -406
     68  -2800  -5172   -880   -159   -474
    252  -2784  -5180   -896   -195   -530
    384  -2700  -5104   -928   -161   -615
     96  -2708  -5200   -896   -177   -647
    372  -2640  -5140   -928   -173   -687
    320  -2764  -5176   -912   -148   -681
    448  -2780  -5104   -880   -167   -711
    344  -2812  -5032   -864   -142   -681
    408  -2908  -5108   -880   -104   -629
    304  -2748  -5176   -912   -126   -637
    360  -2660  -5060   -864   -114   -585
    320  -2744  -5184   -896   -107   -561
    248  -2816  -5320   -928    -75   -534
    452  -2828  -4980   -848   -106   -494
    476  -2784  -5072   -944   -125   -488
    260  -2768  -5168   -896   -145   -551
    224  -2784  -5016   -928   -151   -585
    212  -2872  -5164   -928   -182   -555
    408  -2724  -5120   -928   -181   -591
    156  -2804  -5036   -912   -180   -637
    256  -2676  -5068   -912   -217   -642
    332  -2744  -5160   -896   -203   -640
    248  -2728  -5200   -912   -241   -636
    416  -2788  -5388   -928   -218   -563
    420  -2784  -5092   -880   -238   -515
    300  -2832  -5180   -912   -215   -438
    396  -2780  -5116   -960   -207   -409
    312  -2776  -5332   -928   -188   -357
    520  -2804  -5300   -896   -168   -287
    384  -2684  -5000   -928   -159   -267
    324  -2908  -5240   -912   -184   -228
    320  -2736  -5288   -912   -167   -225
    304  -2776  -5252   -928   -190   -220
    284  -2716  -4996   -896   -178   -244
    188  -2760  -5000   -912   -168   -299
    208  -2760  -5316   -944   -180   -366
    152  -2740  -5412   -912   -169   -479
    212  -2732  -5100   -944   -202   -519
    320  -2792  -5088   -896   -184   -599
    300  -2688  -5252   -912   -194   -648
    336  -2900  -5176   -880   -196   -659
    276  -2720  -5300   -912   -199   -691
    372  -2760  -5060   -880   -198   -657
    320  -2820  -5252   -896   -172   -637
    456  -2620  -5140   -864   -191   -632
    420  -2600  -5244   -912   -137   -602
    356  -2716  -5208   -928   -149   -558
    384  -2684  -5352   -944   -113   -545
    520  -2788  -5380   -944    -96   -516
    376  -2840  -5204   -896   -123   -505
    468  -2780  -5112   -912   -114   -518
    240  -2796  -5060   -960   -128   -555
    300  -2796  -5352   -912   -143   -549
    232  -2908  -5240   -944   -178   -565
    264  -2844  -5108   -960   -175   -609
    256  -2816  -5252   -896   -159   -609
    404  -2860  -5384   -960   -231   -632
    320  -2660  -5232   -896   -214   -630
    396  -2780  -5076   -928   -255   -574
    288  -2812  -5328   -912   -232   -540
    332  -2688  -5176   -944   -209   -481
    464  -2852  -5264   -864   -209   -438
    440  -2812  -5404   -944   -207   -421
    404  -2764  -5136   -928   -214   -328
    348  -2636  -5356   -912   -202   -251
    372  -2784  -5236   -912   -181   -281
    352  -2732  -5244   -896   -191   -254
    296  -2832  -5368   -912   -176   -202
    248  -2600  -5296   -960   -159   -261
    168  -2816  -5092   -896   -170   -327
    212  -2756  -5040   -928   -170   -344
     40  -2760  -5252   -912   -161   -373
    332  -2744  -5376   -912   -206   -468
    208  -2900  -5360   -912   -253   -524
    296  -2812  -5192   -912   -236   -606
    332  -2736  -5348   -896   -219   -631
    380  -2812  -5020   -928   -202   -631
    388  -2840  -5100   -912   -222   -654
    400  -2772  -5112   -976   -223   -650
    484  -2704  -4940   -912   -164   -603
    476  -2704  -5060   -896   -135   -610
    244  -2756  -5216   -928   -120   -600
    464  -2712  -5136   -960   -153   -567
    392  -2736  -5176   -928   -142   -548
    400  -2808  -5256   -912   -118   -524
    184  -2932  -5128   -944    -89   -509
    288  -2844  -5180   -944    -91   -512
    340  -2740  -5080   -928   -160   -525
    208  -2732  -4964   -912   -138   -594
    232  -2828  -5224   -912   -123   -585
    220  -2764  -5224   -928   -160   -609
    204  -2808  -5128   -928   -189   -608
    292  -2820  -5052   -928   -207   -625
    384  -2764  -5188   -944   -184   -604
    224  -2652  -5156   -928   -195   -556
    424  -2736  -5260   -976   -196   -533
    468  -2656  -5056   -944   -208   -482
    308  -2728  -5396   -960   -203   -405
    380  -2812  -5292   -912   -188   -394
    316  -2740  -5140   -896   -170   -330
    416  -2796  -5044   -912   -181   -276
    392  -2872  -5336   -928   -174   -235
    312  -2836  -5156   -912   -207   -223
    276  -2684  -5152   -960   -157   -251
    264  -2776  -5052   -944   -193   -255
    180  -2928  -5024   -928   -184   -323
     80  -2708  -5176   -912   -187   -384
     96  -2620  -5244   -944   -199   -458
    188  -2744  -5132   -928   -205   -522
    264  -2784  -5372   -928   -196   -567
    336  -2680  -5288   -896   -217   -598
    248  -2756  -5332   -976   -205   -604
    284  -2788  -5200   -928   -204   -674
    424  -2836  -5232   -944   -187   -649
    444  -2796  -5144   -928   -226   -631
    496  -2752  -5304   -912   -189   -623
    472  -2596  -5364   -960   -171   -619
    420  -2712  -5212   -944   -125   -585
    360  -2712  -5220   -976   -117   -551
    388  -2732  -5252   -896   -125   -467
    256  -2728  -5276   -960   -121   -527
    340  -2816  -5188   -912   -117   -504
    180  -2828  -5092   -976   -141   -542
    336  -2768  -5020   -992   -119   -548
    260  -2764  -5132   -960   -108   -562
    284  -2776  -5140   -960   -137   -594
    316  -2732  -5368   -944   -129   -620
    268  -2884  -5184   -944   -142   -640
    292  -2792  -5420   -944   -159   -644
    432  -2792  -4976   -928   -177   -607
    344  -2852  -5236   -960   -205   -553
    184  -2868  -5164   -928   -183   -493
    524  -2776  -5376   -912   -177   -466
    472  -2784  -5176   -928   -158   -446
    356  -2768  -5204   -912   -179   -393
    400  -2720  -5276   -928   -185   -327
    360  -2740  -5092   -960   -206   -237
    368  -2760  -5224   -880   -197   -259
    352  -2752  -5256   -944   -208   -246
    340  -2792  -5208   -976   -193   -257
    156  -2864  -5216   -944   -190   -310
    292  -2788  -5160   -944   -196   -335
    156  -2672  -5216   -928   -215   -363
    284  -2748  -5120   -944   -232   -431
    156  -2796  -5304   -976   -237   -513
    292  -2724  -5344   -976   -242   -564
    288  -2768  -5076   -944   -224   -587
    164  -2664  -5260   -928   -245   -625
    324  -2800  -5048   -944   -236   -649
    224  -2728  -5160   -928   -204   -597
    320  -2824  -5300   -912   -214   -613
    388  -2784  -5148   -944   -183   -583
    256  -2652  -5148   -960   -152   -574
    504  -2800  -5232   -960   -147   -573
    316  -2632  -5212   -944   -129   -534
    408  -2612  -5316   -944   -108   -500
    320  -2732  -5156   -960   -133   -494
    344  -2744  -5036   -976   -147   -496
    128  -2888  -5172   -928   -116   -563
    152  -2888  -5216   -976   -129   -546
    232  -2812  -5284   -960    -98   -601
    116  -2768  -5116   -976   -124   -578
    356  -2868  -5320   -960   -128   -636
    212  -2676  -5256   -912   -143   -595
    340  -2740  -5184   -960   -145   -624
    268  -2776  -5320   -928   -147   -585
    452  -2708  -5292   -944   -156   -554
    356  -2764  -5164   -912   -171   -511
    448  -2636  -5112   -976   -178   -484
    292  -2748  -5296   -944   -170   -392
    452  -2760  -5216   -960   -157   -362
    400  -2832  -5264   -960   -209   -351
    464  -2796  -5328   -912   -175   -269
    316  -2764  -5288   -928   -177   -275
    188  -2892  -5160   -944   -193   -253
    208  -2916  -5124   -960   -213   -282
    196  -2780  -5048   -944   -192   -326
    244  -2848  -5140   -944   -209   -360
     96  -2724  -5300   -944   -277   -412
    320  -2792  -5256   -944   -257   -487
    196  -2812  -5104   -992   -247   -518
    136  -2720  -5184   -992   -222   -569
    332  -2776  -5116   -960   -222   -597
    360  -2608  -5100   -912   -251   -569
    416  -2840  -5092   -960   -224   -612
    412  -2800  -5316   -944   -254   -642
    428  -2660  -5092   -960   -200   -591
    340  -2744  -5124   -928   -166   -583
    232  -2764  -5276   -928   -139   -582
    452  -2744  -5124   -976   -154   -526
    304  -2784  -5380   -944   -144   -536
    244  -2808  -5188   -912   -158   -468
    356  -2804  -5264   -960   -119   -481
    336  -2736  -5156   -928   -118   -505
    224  -2772  -5044   -992    -97   -573
     84  -2688  -5180   -944    -95   -581
    264  -2728  -4896   -992   -124   -613
    172  -2864  -5112   -944    -92   -619
    364  -2804  -5296   -912    -93   -656
    344  -2832  -5308   -944   -180   -676
    324  -2760  -5244   -960   -164   -599
    284  -2744  -5148   -944   -164   -541
    344  -2624  -5196   -960   -157   -572
    388  -2704  -5196   -960   -182   -485
    364  -2748  -5036   -928   -173   -453
    344  -2800  -5320   -976   -179   -389
    432  -2800  -4948   -960   -163   -387
    212  -2692  -5040   -944   -167   -349
    344  -2648  -5072   -928   -165   -318
    284  -2780  -5252   -960   -169   -298
    328  -2696  -5048   -928   -191   -297
    288  -2816  -5244   -976   -223   -288
    152  -2624  -5240   -960   -196   -338
    172  -2728  -5088   -928   -244   -402
    192  -2776  -5040   -960   -258   -448
    196  -2716  -5108   -976   -270   -490
    116  -2688  -4904   -896   -276   -517
    256  -2752  -5292   -928   -254   -586
    164  -2800  -4980   -928   -253   -598
    424  -2768  -5204   -976   -251   -612
    216  -2840  -5004   -976   -243   -599
    400  -2684  -5120   -928   -255   -617
    352  -2796  -5276   -928   -217   -578
    448  -2792  -5332   -992   -188   -568
    356  -2736  -5076   -944   -166   -557
    300  -2808  -4932   -928   -180   -547
    304  -2864  -5248   -960   -136   -538
    312  -2804  -5080   -928   -140   -507
    296  -2748  -5072   -928   -118   -514
    204  -2784  -5016   -944   -119   -531
    220  -2700  -5228   -960   -106   -561
    216  -2784  -5188   -960   -143   -568
    324  -2800  -5140   -960    -75   -579
    188  -2764  -5336   -928   -106   -584
    256  -2808  -5412   -976   -102   -622
    224  -2732  -5156   -928   -139   -627
    288  -2808  -5148   -976   -142   -622
    432  -2808  -5304   -944   -110   -563
    400  -2764  -5156   -960   -159   -563
    348  -2776  -5088   -960   -144   -495
    456  -2804  -5252   -928   -162   -477
    456  -2712  -5136   -944   -162   -390
    432  -2928  -5148   -928   -175   -354
    300  -2792  -5372  -1008   -144   -360
    192  -2820  -5152   -960   -199   -310
    212  -2792  -5280   -960   -189   -307
    336  -2760  -5324   -944   -204   -288
    296  -2724  -5132   -944   -163   -313
    248  -2876  -5164   -912   -218   -402
    204  -2684  -5300   -960   -244   -420
    216  -2772  -5160   -944   -276   -442
    320  -2804  -5084   -928   -268   -495
    372  -2836  -5064   -976   -248   -541
    400  -2788  -5112   -944   -293   -562
    300  -2760  -5168   -928   -249   -565
    352  -2824  -5224   -960   -249   -594
    328  -2904  -5268   -928   -290   -577
    408  -2712  -5192   -944   -249   -592
    372  -2792  -4980   -976   -211   -539
    408  -2748  -5088   -976   -177   -572
    336  -2824  -5336   -960   -141   -521
    388  -2812  -5124   -960   -136   -488
    308  -2844  -5392   -928   -123   -486
    368  -2704  -5412   -960   -103   -502
    388  -2804  -5164   -912   -142   -543
    276  -2776  -5040   -944   -110   -550
    396  -2784  -5124   -976    -83   -565
    320  -2760  -5292   -928   -125   -580
    264  -2768  -5304   -992    -77   -624
    228  -2788  -5356   -944   -126   -593
    288  -2836  -5096   -944   -116   -637
    344  -2604  -5144   -960   -123   -596
    252  -2708  -5076   -960   -137   -578
    308  -2832  -5416   -960   -132   -603
    448  -2788  -4904   -944   -136   -545
    392  -2860  -5136   -944    -93   -498
    436  -2732  -5184   -960   -125   -446
    348  -2704  -5148   -976   -121   -425
    344  -2744  -5348  -1008   -142   -363
    300  -2856  -5192   -944   -168   -402
    340  -2712  -5092   -960   -180   -337
    260  -2808  -5092   -928   -216   -295
    376  -2708  -5356  -1008   -203   -322
    232  -2872  -5132   -944   -214   -357
    244  -2892  -5104   -944   -228   -375
    220  -2748  -5260   -944   -270   -438
    220  -2728  -5180   -928   -281   -494
    236  -2704  -5076   -912   -285   -519
    268  -2752  -5240   -944   -333   -530
    264  -2832  -5108   -960   -283   -567
    304  -2828  -5120   -976   -277   -569
    312  -2720  -5164  -1024   -267   -626
    352  -2764  -5152   -912   -249   -562
    364  -2784  -5104   -912   -238   -569
    308  -2712  -5368   -960   -202   -533
    552  -2732  -5184   -928   -197   -524
    288  -2724  -5268   -960   -160   -520
    300  -2780  -5332   -976   -158   -497
    416  -2784  -5164   -960   -119   -520
    260  -2884  -5212   -992   -124   -481
    324  -2784  -5116   -944   -123   -527
    332  -2852  -5424   -928   -100   -532
    236  -2820  -5096  -1008   -106   -565
    236  -2784  -5260   -960    -63   -581
    352  -2924  -4952   -976   -107   -587
    164  -2696  -5116   -960   -108   -626
    404  -2672  -5236   -960    -95   -618
    300  -2684  -5216   -912   -131   -587
    380  -2804  -5184   -992   -131   -594
    208  -2884  -5372   -912   -114   -570
    232  -2896  -5204   -960    -99   -501
    384  -2724  -5152   -976   -130   -498
    212  -2752  -5160   -928   -127   -480
    364  -2752  -5308   -944   -123   -392
    348  -2776  -5472   -976   -163   -360
    208  -2900  -5072   -960   -160   -362
    280  -2776  -5200   -960   -187   -326
    432  -2776  -5188   -960   -207   -347
    316  -2688  -5204   -976   -225   -347
    348  -2872  -5232   -960   -216   -393
    304  -2696  -5272   -960   -253   -412
    292  -2588  -5184  -1008   -267   -446
    300  -2812  -4992   -960   -265   -467
    224  -2852  -5064   -960   -316   -488
    248  -2836  -5252   -928   -283   -545
    316  -2764  -5280   -944   -292   -578
    372  -2720  -5248   -928   -253   -571
    308  -2732  -5260   -944   -267   -583
    360  -2848  -5064   -992   -246   -583
    444  -2700  -5292   -928   -257   -551
    416  -2792  -5156   -896   -249   -558
    188  -2688  -5244   -944   -174   -510
    280  -2864  -4896   -928   -182   -489
    400  -2792  -5212   -976   -128   -476
    292  -2712  -5080   -960   -131   -455
    340  -2760  -5088  -1008   -108   -465
    392  -2872  -5392   -976   -116   -482
    240  -2756  -5108   -960    -98   -486
    344  -2848  -5128   -960   -103   -566
    180  -2664  -5128   -976    -63   -561
    308  -2712  -5120   -928    -82   -600
    260  -2792  -5040   -960   -114   -571
    284  -2628  -5036   -976    -90   -592
    220  -2816  -5184   -960   -103   -593
    328  -2900  -5120   -944   -120   -543
    352  -2724  -5328   -992   -110   -549
    364  -2632  -5144   -944   -127   -549
    264  -2900  -5272   -960   -129   -489
    400  -2744  -5248   -976   -147   -472
    464  -2732  -4992   -992   -161   -402
    552  -2712  -5312   -992   -196   -363
    320  -2724  -5316  -1008   -182   -352
    328  -2816  -5096   -944   -210   -359
    228  -2724  -5300   -960   -189   -366
    284  -2792  -5308   -992   -217   -353
    172  -2760  -5352   -960   -227   -395
    408  -2836  -5192   -976   -278   -444
    156  -2728  -5100   -896   -312   -448
    360  -2876  -5088   -960   -273   -506
    280  -2752  -5200   -960   -289   -522
    240  -2792  -5096  -1008   -283   -524
    228  -2724  -4984  -1008   -284   -551
    252  -2632  -5064   -960   -266   -559
    372  -2800  -5156   -992   -262   -532
    340  -2844  -5016  -1008   -266   -543
    476  -2808  -5316   -976   -244   -545
    320  -2776  -5228  -1008   -252   -549
    412  -2748  -5264  -1024   -194   -497
    436  -2804  -5088   -960   -175   -467
    252  -2716  -5228  -1008   -172   -454
    384  -2904  -5312   -960   -103   -475
    276  -2752  -4980   -960   -135   -452
    308  -2680  -5064   -928    -74   -509
    280  -2760  -5128   -944   -107   -527
    368  -2784  -5108   -976   -100   -546
    276  -2752  -5280   -960    -92   -572
    328  -2776  -5128   -960   -114   -590
    404  -2696  -5092   -976    -75   -610
    348  -2824  -5264   -992    -98   -589
    368  -2820  -5148   -976   -105   -602
    320  -2868  -5100   -960    -83   -580
    264  -2712  -5256   -944   -137   -551
    444  -2800  -5200  -1024    -98   -510
    460  -2764  -5108   -976   -105   -480
    384  -2780  -5448   -976   -120   -434
    320  -2720  -5264  -1008   -122   -412
    440  -2732  -5212   -992   -156   -407
    536  -2792  -5180   -976   -180   -387
    288  -2744  -5448   -976   -174   -410
    264  -2784  -5192   -992   -211   -366
    324  -2776  -5120   -992   -224   -402
    264  -2796  -5296   -992   -277   -454
    264  -2808  -5096   -944   -243   -463
    256  -2688  -5256  -1008   -261   -476
    320  -2796  -5080   -928   -277   -507
    148  -2812  -5124   -960   -291   -518
    392  -2724  -5120  -1008   -293   -540
    472  -2696  -4920  -1008   -271   -578
    284  -2644  -5148   -992   -280   -546
    408  -2808  -5344   -992   -250   -512
    344  -2704  -5032   -976   -283   -529
    268  -2832  -5232   -976   -255   -515
    368  -2784  -5092   -992   -206   -463
    444  -2740  -5068   -960   -187   -441
    388  -2816  -5248  -1008   -183   -457
    260  -2812  -5208   -976   -159   -472
    264  -2844  -5268   -944   -129   -479
    296  -2848  -5072   -992   -119   -492
    220  -2824  -5224  -1024   -110   -499
    284  -2832  -4960  -1040    -78   -535
    320  -2764  -5284   -960    -73   -532
    304  -2884  -5080  -1024    -92   -586
    240  -2808  -5184   -928    -95   -612
    264  -2864  -5076  -1008   -127   -609
    408  -2816  -5460   -992    -91   -608
    300  -2780  -5480   -992   -107   -566
    400  -2804  -5256   -992    -76   -596
    312  -2728  -5288  -1008   -121   -552
    364  -2808  -5260   -960    -89   -525
    176  -2916  -5216   -928   -139   -489
    468  -2592  -5072  -1008   -146   -437
    440  -2684  -5380   -992   -169   -444
    264  -2736  -5052   -976   -161   -429
    480  -2736  -5372  -1008   -174   -372
    184  -2800  -5252   -960   -211   -378
    368  -2820  -4924   -992   -208   -401
    240  -2700  -5276   -992   -205   -418
    260  -2676  -5180   -976   -275   -440
    236  -2776  -5308   -992   -288   -476
    272  -2596  -5072   -976   -297   -516
    232  -2716  -5048  -1040   -304   -509
    348  -2788  -5176   -976   -304   -500
    416  -2796  -5036  -1024   -292   -547
    260  -2640  -5232   -960   -299   -548
    332  -2788  -5056  -1040   -308   -556
    404  -2904  -4904  -1024   -286   -553
    444  -2828  -5348   -976   -254   -477
    468  -2704  -5248   -992   -228   -516
    400  -2692  -5164   -976   -179   -489
    360  -2792  -5092   -960   -160   -472
    188  -2760  -5116  -1040   -196   -477
    300  -2832  -5092   -976   -131   -452
    284  -2752  -5360  -1008   -127   -448
    344  -2824  -5076  -1008   -100   -503
    300  -2712  -4932  -1008    -94   -463
    344  -2676  -5164   -960    -89   -516
    280  -2904  -5044  -1024    -93   -555
    316  -2752  -5056  -1008   -116   -556
    324  -2792  -4912  -1008    -94   -569
    260  -2856  -5292   -960    -71   -578
    320  -2896  -5260  -1040    -60   -615
    228  -2780  -5376   -960   -101   -576
    372  -2764  -5196  -1024   -114   -575
    312  -2900  -5080  -1040   -125   -537
    356  -2888  -5236   -960   -145   -526
    296  -2884  -5360  -1024   -111   -514
    228  -2652  -5216   -976   -137   -460
    384  -2832  -5208   -992   -175   -451
    336  -2788  -5276   -992   -168   -409
    252  -2720  -5300  -1008   -200   -385
    336  -2784  -5044  -1008   -219   -410
    304  -2872  -5176  -1024   -216   -430
     92  -2796  -5172  -1008   -264   -421
    260  -2660  -5284   -992   -262   -463
    216  -2696  -4988   -944   -303   -458
    332  -2872  -5288   -992   -301   -484
    236  -2800  -4980   -976   -278   -535
    372  -2736  -5192   -992   -262   -560
    340  -2860  -5184  -1008   -294   -557
    268  -2876  -5276   -992   -285   -525
    464  -2808  -5168  -1008   -257   -533
    396  -2736  -5156  -1056   -254   -504
    420  -2620  -5160  -1024   -222   -500
    388  -2780  -5164   -960   -207   -473
    308  -2816  -5236   -912   -194   -476
    304  -2732  -4980  -1024   -190   -443
    328  -2936  -5236  -1008   -159   -438
    264  -2800  -5256  -1024   -121   -459
    312  -2772  -5308  -1040   -116   -472
    448  -2900  -5052   -992   -116   -480
    188  -2748  -5172  -1008    -96   -492
    264  -2652  -5136  -1024   -103   -505
    288  -2832  -5328  -1024    -96   -572
    356  -2772  -5216   -960    -53   -606
    228  -2808  -5120   -976   -104   -589
    420  -2760  -5200  -1008    -82   -629
    336  -2772  -5140  -1040    -94   -617
    372  -2804  -5032  -1024    -84   -539
    372  -2800  -5252   -992    -76   -558
    372  -2840  -5224   -960   -100   -555
    308  -2760  -5008  -1008   -148   -526
    556  -2648  -5200   -976   -125   -476
    408  -2776  -5276  -1024   -163   -454
    280  -2756  -5208   -976   -159   -479
    220  -2620  -5360   -992   -171   -431
    348  -2720  -5208   -976   -183   -460
    324  -2828  -5104   -960   -224   -423
    284  -2704  -5172  -1024   -234   -438
    396  -2680  -5008  -1008   -270   -443
    176  -2760  -5084   -912   -262   -479
    260  -2692  -5364  -1008   -306   -505
    260  -2820  -5132  -1024   -311   -529
    320  -2724  -5208  -1008   -286   -514
    244  -2760  -5256   -992   -297   -516
    200  -2748  -5028   -976   -301   -531
    348  -2784  -4836  -1056   -280   -518
    300  -2852  -5308   -992   -297   -491
    516  -2832  -5200   -992   -261   -510
    384  -2760  -5296  -1008   -216   -463
    300  -2864  -5332  -1008   -232   -437
    324  -2840  -5184   -992   -216   -444
    372  -2808  -5196   -992   -190   -437
    280  -2732  -5436   -992   -175   -416
    196  -2724  -5156  -1040   -135   -437
    320  -2724  -5112  -1024   -143   -478
     84  -2840  -5252   -992   -109   -470
    264  -2724  -5304   -992   -124   -479
    268  -2744  -5036   -976    -92   -529
    372  -2848  -5236  -1056    -75   -563
    340  -2844  -5044   -992    -60   -570
    360  -2772  -5160  -1008    -64   -601
    316  -2772  -5268  -1008    -97   -560
    476  -2784  -5172  -1008    -71   -568
    296  -2724  -5144   -992    -99   -604
    376  -2712  -5152  -1008   -100   -550
    356  -2724  -5192  -1008   -118   -498
    276  -2636  -5152   -992   -111   -513
    432  -2812  -5496   -992   -122   -468
    324  -2824  -5300  -1024   -181   -471
    236  -2680  -5200   -992   -149   -468
    296  -2808  -5196   -992   -184   -427
    324  -2836  -5200  -1024   -178   -433
    300  -2680  -5196   -976   -246   -447
    240  -2844  -5020  -1008   -257   -429
    324  -2880  -5136   -992   -264   -480
    428  -2792  -5108  -1056   -288   -489
    280  -2876  -5124   -992   -302   -467
    280  -2860  -5084  -1008   -293   -528
    280  -2804  -5356  -1008   -333   -516
    360  -2752  -5036   -992   -279   -535
    416  -2732  -4892   -960   -261   -503
    352  -2712  -5060   -992   -302   -519
    300  -2712  -5064   -992   -252   -532
    344  -2900  -5208  -1008   -255   -490
    484  -2824  -5072   -976   -237   -440
    348  -2880  -5192  -1040   -198   -457
    400  -2776  -5140  -1024   -182   -405
    360  -2828  -5204   -976   -180   -427
    348  -2788  -5064  -1008   -142   -442
    320  -2756  -5176  -1008   -110   -452
    212  -2832  -5172  -1008   -113   -465
    316  -2760  -5128  -1056   -102   -474
    212  -2716  -5252  -1008    -94   -481
     92  -2676  -5260  -1040    -79   -514
    440  -2824  -5208  -1040    -86   -555
    324  -2772  -5044   -992    -88   -539
    312  -2660  -5112  -1008    -92   -607
    356  -2864  -5128   -976    -84   -583
    312  -2836  -5200  -1008   -109   -604
    348  -2772  -5228  -1024   -105   -587
    300  -2828  -5124  -1024    -88   -545
    320  -2800  -5364  -1008   -113   -549
    380  -2792  -5208  -1040   -122   -510
    364  -2872  -5244  -1008   -111   -510
    368  -2692  -5220   -992   -167   -484
    416  -2720  -5212  -1024   -170   -478
    124  -2820  -5320   -992   -164   -469
    268  -2896  -5132  -1008   -216   -465
    368  -2664  -5160  -1008   -205   -458
    180  -2784  -5200   -992   -231   -493
    372  -2804  -5188  -1024   -289   -456
    244  -2788  -5244   -992   -272   -510
    408  -2924  -5096  -1040   -268   -508
    240  -2736  -5096  -1024   -284   -507
    316  -2892  -5240  -1024   -296   -520
    268  -2716  -5072   -992   -296   -511
    232  -2752  -5336  -1056   -265   -516
    412  -2832  -5264  -1008   -259   -513
    356  -2628  -5108  -1008   -264   -497
    384  -2804  -5128  -1040   -248   -483
    360  -2700  -5056   -992   -220   -423
    200  -2692  -5288  -1024   -199   -440
    356  -2816  -5068   -992   -152   -431
    460  -2768  -5296  -1008   -183   -451
    312  -2684  -5164  -1008   -164   -418
    268  -2632  -5192  -1024   -123   -428
    452  -2788  -5108  -1056   -104   -461
    336  -2808  -5192  -1040   -107   -501
    328  -2760  -5124  -1008    -69   -515
    380  -2844  -5100  -1024    -82   -570
    288  -2784  -4964  -1024    -69   -567
    296  -2816  -5188  -1008    -74   -561
    308  -2724  -5116  -1008    -95   -572
    332  -2796  -5196  -1024   -110   -594
    440  -2916  -5128   -992    -64   -570
    324  -2872  -5100  -1008   -139   -580
    480  -2800  -5256  -1008    -81   -530
    264  -2772  -5200  -1040   -101   -515
    356  -2808  -5100   -992   -128   -552
    244  -2764  -5348  -1008   -157   -507
    428  -2764  -5268  -1040   -208   -476
    496  -2776  -5196  -1024   -196   -479
    324  -2752  -5036  -1024   -182   -463
    344  -2680  -5240  -1024   -186   -487
    368  -2824  -5200   -976   -183   -469
    416  -2908  -5200  -1024   -243   -463
    268  -2796  -5352  -1008   -271   -510
    452  -2716  -5392   -992   -294   -493
    296  -2796  -5276  -1008   -260   -510
    292  -2828  -5256  -1024   -289   -535
    100  -2648  -5228  -1024   -306   -516
    356  -2752  -5228  -1056   -272   -506
    308  -2656  -5412  -1008   -255   -505
    304  -2844  -5008  -1008   -238   -470
    264  -2760  -5252  -1024   -230   -462
    280  -2792  -5372  -1024   -252   -459
    320  -2940  -5176  -1008   -212   -416
    436  -2788  -5112  -1008   -182   -425
    308  -2804  -5132  -1008   -157   -399
    432  -2676  -5148  -1056   -135   -432
    320  -2772  -5180  -1008   -129   -428
    296  -2848  -5200   -976   -119   -434
    232  -2952  -5208  -1040    -92   -445
    240  -2844  -5216  -1024   -103   -512
    156  -2876  -5212  -1024   -120   -509
    316  -2688  -5044  -1024    -86   -559
    224  -2852  -5120  -1040    -77   -526
    300  -2816  -5228  -1024    -83   -566
    344  -2692  -5136  -1024    -96   -592
    328  -2744  -5316  -1056    -94   -550
    368  -2664  -5220   -992    -87   -599
    172  -2936  -5256   -992   -130   -548
    256  -2844  -5304   -992   -118   -559
    468  -2736  -5128  -1024   -157   -544
    464  -2752  -5264  -1040   -168   -527
    276  -2688  -5144  -1040   -139   -506
    292  -2736  -5176  -1040   -143   -490
    424  -2776  -5356  -1024   -175   -481
    300  -2660  -5028  -1040   -174   -475
    444  -2744  -5084  -1056   -213   -480
    192  -2712  -5228  -1056   -272   -485
    440  -2804  -5112  -1008   -229   -505
    316  -2768  -5244  -1008   -293   -529
    380  -2756  -5396  -1008   -274   -509
    368  -2696  -5216  -1040   -267   -502
    440  -2816  -5048  -1008   -311   -500
    200  -2584  -5080  -1008   -277   -510
    436  -2808  -5316  -1024   -271   -469
    336  -2768  -5184   -976   -268   -463
    512  -2712  -5068  -1088   -265   -494
    184  -2716  -4920  -1008   -226   -454
    160  -2860  -5236   -992   -216   -429
    200  -2748  -5068  -1040   -195   -447
    416  -2700  -5224  -1040   -173   -385
    328  -2748  -5016  -1040   -184   -429
    236  -2848  -5144  -1008   -149   -413
    296  -2692  -5216  -1056   -152   -411
    232  -2784  -5164  -1008   -105   -472
    180  -2880  -5200  -1008    -90   -482
    152  -2756  -5316  -1040    -97   -525
    392  -2744  -5212  -1024   -124   -551
    200  -2780  -5008  -1056    -89   -546
    276  -2792  -5216  -1024    -94   -568
    228  -2788  -4964  -1024   -104   -574
    372  -2748  -5192   -992    -62   -595
    476  -2816  -5116  -1024    -99   -569
    396  -2712  -5228  -1008   -123   -587
    428  -2772  -5424  -1040   -113   -535
    396  -2648  -5240  -1008   -112   -525
    368  -2724  -5188  -1024   -138   -522
    404  -2736  -5340  -1024   -124   -552
    332  -2820  -5252  -1008   -154   -521
    420  -2832  -4988   -992   -185   -525
    288  -2776  -5056  -1024   -188   -508
    244  -2780  -5348  -1024   -224   -483
    312  -2808  -5180  -1040   -207   -500
    300  -2772  -5300  -1056   -238   -488
    348  -2768  -5164  -1040   -226   -481
    296  -2724  -5064  -1024   -276   -541
    240  -2704  -5100  -1104   -270   -518
    244  -2668  -5096   -992   -255   -521
    316  -2700  -5376  -1008   -294   -517
    408  -2836  -5164  -1040   -274   -492
    328  -2692  -5352  -1008   -225   -480
    408  -2696  -5452  -1024   -233   -461
    304  -2748  -5156  -1072   -227   -433
    488  -2648  -5284  -1056   -223   -438
    312  -2768  -5224  -1072   -233   -393
    232  -2800  -5112  -1024   -183   -411
    332  -2784  -5336  -1008   -188   -427
    364  -2832  -5160   -992   -154   -407
    260  -2916  -5016  -1040   -182   -435
    340  -2780  -5148  -1040   -102   -394
    272  -2732  -5040  -1056   -147   -465
    292  -2772  -5268  -1024   -114   -504
    284  -2792  -5152  -1024   -108   -511
    360  -2816  -5128  -1024   -103   -529
    240  -2736  -5180  -1024    -85   -537
    296  -2704  -5136  -1024    -98   -537
    384  -2828  -4988  -1088   -117   -594
    244  -2816  -5176  -1072   -118   -570
    292  -2800  -5100  -1088   -137   -590
    292  -2724  -5228  -1040   -133   -569
    428  -2704  -5288   -992   -107   -566
    388  -2796  -5428  -1040   -117   -572
    336  -2752  -5092   -992   -122   -513
    216  -2752  -5196  -1056   -149   -544
    340  -2660  -5184  -1040   -155   -525
    288  -2784  -5248  -1056   -178   -512
    300  -2688  -5224  -1056   -192   -486
    316  -2772  -5260  -1008   -193   -518
    336  -2844  -5060  -1008   -205   -487
    304  -2788  -5244  -1056   -203   -523
    248  -2780  -5028  -1024   -270   -482
    364  -2684  -5100  -1040   -233   -521
    244  -2724  -5236  -1088   -286   -527
    296  -2900  -5328  -1040   -256   -507
    304  -2760  -5004  -1040   -287   -526
    360  -2668  -5052  -1008   -240   -456
    280  -2720  -5272  -1024   -250   -484
    244  -2756  -5252  -1056   -239   -474
    360  -2872  -5164  -1072   -197   -452
    296  -2764  -5068  -1056   -246   -453
    376  -2772  -5188  -1056   -190   -420
    364  -2864  -5320  -1056   -188   -385
    232  -2764  -5276  -1008   -185   -399
    340  -2616  -5308  -1008   -103   -399
    272  -2844  -5216  -1024   -157   -429
    288  -2732  -5100  -1104   -135   -433
    248  -2664  -5284  -1024   -102   -458
    316  -2952  -5216  -1040   -130   -476
    336  -2872  -5144  -1024   -120   -472
    300  -2688  -5260  -1024    -68   -517
    280  -2844  -5236  -1040   -108   -526
    288  -2796  -5164  -1024   -103   -568
    316  -2848  -5084  -1008   -116   -565
    340  -2652  -5264  -1056   -106   -551
    316  -2696  -5332  -1008   -107   -560
    428  -2836  -5148  -1008    -94   -587
    196  -2760  -5272  -1008   -150   -574
    388  -2776  -5260   -992   -120   -550
    432  -2928  -5152  -1040   -158   -540
    324  -2776  -5180  -1072   -155   -546
    540  -2820  -5260  -1072   -183   -525
    240  -2704  -5192  -1024   -202   -511
    192  -2796  -4992  -1024   -182   -516
    368  -2800  -5116  -1056   -223   -505
    376  -2792  -5116  -1104   -204   -505
    320  -2732  -5292  -1072   -212   -520
    276  -2636  -5172  -1024   -242   -516
    364  -2712  -5100  -1040   -232   -509
    320  -2784  -5044  -1024   -241   -506
    412  -2832  -5160  -1040   -271   -502
    444  -2800  -5292  -1056   -291   -484
    316  -2868  -5164  -1104   -225   -477
    476  -2740  -5132  -1040   -234   -506
    480  -2900  -5100  -1056   -207   -445
    296  -2732  -5080  -1040   -205   -413
    300  -2748  -5224  -1088   -190   -392
    272  -2832  -5380  -1008   -185   -443
    332  -2792  -5056  -1088   -185   -389
    388  -2820  -5532  -1024   -168   -426
    292  -2820  -5204  -1008   -122   -387
    320  -2812  -5268  -1024   -134   -416
    156  -2904  -5268  -1040   -155   -419
    384  -2756  -5068  -1024   -137   -450
    304  -2624  -5124  -1008   -117   -497
    288  -2932  -5136  -1024   -126   -497
    356  -2780  -5164  -1040    -98   -504
    348  -2712  -5124  -1072   -101   -538
    428  -2804  -4952  -1056   -150   -565
    376  -2760  -5200  -1040   -138   -562
    276  -2752  -5292  -1040   -147   -593
    328  -2848  -5336  -1072   -160   -563
    240  -2712  -5332  -1040   -135   -523
    196  -2788  -5248  -1088   -152   -551
    352  -2764  -5024  -1072   -150   -559
    348  -2844  -5184  -1072   -139   -550
    228  -2668  -4964  -1072   -172   -506
    380  -2728  -5224  -1024   -178   -547
    328  -2740  -5120  -1024   -179   -510
    292  -2724  -5196  -1040   -200   -513
    328  -2768  -5308  -1072   -195   -522
    268  -2824  -5156  -1056   -214   -501
    484  -2884  -5140  -1072   -224   -531
    188  -2704  -5200  -1056   -221   -518
    388  -2836  -5196  -1072   -246   -490
    468  -2800  -5036  -1088   -230   -541
    304  -2736  -5212  -1072   -259   -512
    268  -2764  -5212  -1072   -219   -495
    300  -2772  -5248  -1072   -208   -518
    532  -2724  -5220  -1024   -257   -471
    408  -2712  -5236  -1024   -264   -435
    440  -2812  -5212  -1072   -254   -414
    116  -2804  -5264  -1088   -206   -396
    304  -2764  -5284  -1040   -156   -382
    284  -2712  -5208  -1056   -176   -394
    380  -2796  -5204  -1072   -196   -398
    280  -2712  -5056  -1088   -209   -414
    236  -2712  -5168  -1056   -121   -445
    352  -2764  -4968  -1072   -132   -427
    388  -2824  -5240  -1024   -138   -487
    280  -2800  -5180  -1056   -116   -496
    280  -2776  -4912  -1056   -119   -520
    212  -2872  -5092  -1040   -140   -521
    252  -2712  -5312  -1024   -124   -578
    216  -2868  -5072  -1040   -135   -589
    360  -2812  -5048  -1072   -120   -583
    404  -2808  -5044  -1136   -194   -565
    204  -2808  -5004  -1056   -163   -544
    408  -2752  -5044  -1056   -124   -556
    352  -2652  -4908  -1072   -138   -567
    216  -2776  -5136  -1024   -139   -541
    348  -2688  -5168  -1056   -176   -522
    208  -2864  -5168  -1088   -170   -517
    380  -2812  -5020  -1040   -174   -538
    244  -2792  -5284  -1120   -192   -531
    324  -2748  -5152  -1024   -191   -546
    500  -2772  -4960  -1040   -193   -503
    188  -2768  -5176  -1088   -210   -510
    332  -2804  -5148  -1056   -218   -544
    172  -2732  -5160  -1056   -252   -524
    312  -2684  -5140  -1040   -244   -511
    376  -2896  -5196  -1040   -240   -508
    448  -2840  -5256  -1024   -251   -521
    456  -2856  -5256  -1104   -213   -512
    348  -2820  -5204  -1088   -222   -459
    216  -2876  -5008  -1056   -215   -443
    404  -2740  -5108  -1072   -202   -443
    404  -2864  -5340  -1088   -210   -435
    260  -2788  -5136  -1088   -214   -426
    468  -2784  -5268  -1040   -158   -431
    264  -2784  -4988  -1056   -120   -421
    324  -2764  -5068  -1040   -156   -408
    428  -2756  -5320  -1088   -157   -414
    188  -2808  -5268  -1040   -150   -395
    216  -2788  -5268  -1056   -166   -459
    288  -2784  -5004  -1088   -169   -455
    312  -2740  -5232  -1040   -136   -500
    248  -2676  -5156  -1072   -156   -545
    412  -2716  -5128  -1056   -140   -495
    416  -2720  -5124  -1040   -141   -568
    300  -2868  -5180  -1072   -115   -570
    256  -2752  -5004  -1072   -160   -537
    292  -2700  -5092  -1024   -130   -573
    256  -2728  -5184  -1104   -152   -563
    336  -2944  -5096  -1024   -171   -544
    288  -2772  -5000  -1072   -176   -560
    396  -2740  -4948  -1104   -151   -551
    400  -2860  -5328  -1056   -180   -527
    300  -2760  -5272  -1072   -192   -550
    332  -2760  -5164  -1072   -153   -581
    240  -2760  -5076  -1040   -175   -510
    216  -2736  -5012  -1072   -204   -515
    192  -2764  -5332  -1120   -192   -523
    292  -2760  -5180  -1072   -182   -525
    272  -2868  -5220  -1056   -229   -532
    284  -2840  -5072  -1088   -219   -533
    404  -2704  -5072  -1088   -290   -559
    408  -2820  -5108  -1088   -282   -488
    540  -2920  -4828  -1072   -250   -502
    304  -2836  -5140  -1040   -219   -519
    464  -2688  -5220  -1056   -199   -519
    568  -2896  -5216  -1056   -179   -470
    300  -2696  -4960  -1072   -163   -440
    188  -2872  -5024  -1072   -164   -360
    260  -2764  -5244  -1056   -136   -366
    388  -2652  -5172  -1072   -179   -349
    436  -2792  -4992  -1072   -125   -368
    364  -2848  -4964  -1088   -103   -423
    224  -2796  -5168  -1088   -123   -422
    176  -2844  -5204  -1104   -109   -452
    380  -2812  -5248  -1072    -86   -462
    264  -2812  -5168  -1056   -118   -474
    252  -2752  -5224  -1056   -159   -490
    392  -2876  -5256  -1088   -169   -501
    264  -2892  -5292  -1104   -158   -494
    416  -2776  -5052  -1056   -176   -534
    576  -2720  -5144  -1104   -128   -582
    292  -2752  -5212  -1072   -140   -628
    344  -2796  -5164  -1104   -126   -595
    420  -2736  -5348  -1056   -168   -569
    368  -2760  -5392  -1072   -188   -585
    324  -2816  -5124  -1056   -209   -542
    408  -2864  -4992  -1056   -201   -554
    260  -2824  -5072  -1104   -193   -508
    352  -2844  -4980  -1072   -229   -502
    340  -2828  -5308  -1072   -208   -515
    296  -2844  -5188  -1120   -217   -565
    228  -2784  -5276  -1072   -226   -579
    204  -2796  -5000  -1056   -212   -577
    140  -2864  -5256  -1104   -192   -553
    388  -2764  -5104  -1136   -204   -539
    196  -2880  -5024  -1040   -206   -509
    360  -2804  -5284  -1072   -223   -500
    448  -2776  -5148  -1056   -192   -479
    364  -2736  -5144  -1072   -208   -444
    516  -2712  -4992  -1104   -175   -489
    268  -2856  -5128  -1056   -189   -477
    344  -2836  -5200  -1088   -150   -468
    324  -2820  -5188  -1056   -166   -438
    480  -2704  -5284  -1104   -135   -385
    320  -2820  -5104  -1072   -142   -404
    352  -2804  -5204  -1136   -164   -324
    348  -2832  -5068  -1056   -139   -334
    424  -2740  -5196  -1072   -166   -382
    476  -2844  -5244  -1040   -140   -397
    352  -2712  -4980  -1056   -139   -438
    360  -2752  -5156  -1072   -141   -528
    292  -2704  -4988  -1072   -140   -453
    256  -2792  -5124  -1104   -164   -497
    336  -2752  -5196  -1088   -182   -497
    280  -2796  -5316  -1072   -195   -500
    324  -2772  -5272  -1120   -205   -521
    328  -2848  -5176  -1088   -170   -558
    360  -2668  -5300  -1120   -168   -585
    388  -2796  -5300  -1072   -144   -601
    328  -2792  -5048  -1056   -170   -609
    344  -2816  -5068  -1072   -190   -610
    332  -2812  -5236  -1056   -188   -584
    440  -2716  -5136  -1040   -201   -569
    316  -2964  -5216  -1040   -183   -560
    312  -2688  -5076  -1056   -169   -528
    176  -2836  -5168  -1088   -208   -524
    176  -2732  -5212  -1072   -172   -513
    252  -2720  -5284  -1056   -211   -570
    284  -2832  -5156  -1088   -222   -571
    380  -2800  -5088  -1072   -181   -585
    264  -2804  -5196  -1088   -219   -525
    400  -2792  -5204  -1072   -171   -520
    224  -2848  -5260  -1104   -220   -498
    452  -2820  -5280  -1056   -182   -466
    188  -2892  -5240  -1104   -144   -438
    296  -2688  -5152  -1072   -184   -454
    352  -2792  -5232  -1040   -199   -476
    404  -2736  -4980  -1104   -171   -431
    272  -2848  -5224  -1120   -147   -423
    248  -2724  -5220  -1072   -151   -416
    296  -2752  -5180  -1120   -142   -388
    248  -2756  -5252  -1088   -170   -381
    164  -2764  -5204  -1072   -153   -353
    336  -2796  -5144  -1056   -142   -359
    440  -2592  -5156  -1072   -142   -401
    236  -2848  -5052  -1072   -168   -437
    400  -2840  -5252  -1072   -174   -477