    148  -2220  -5224   -944   -210   -504
     36  -2308  -5324   -960   -162   -532
     68  -2388  -5460   -992   -189   -484
     48  -2332  -5444   -992   -169   -493
    156  -2344  -5276   -944   -184   -484
     80  -2244  -5424  -1008   -204   -487
    144  -2400  -5288  -1008   -216   -527
    148  -2272  -5400   -976   -194   -516
    252  -2340  -5192   -944   -178   -524
     -8  -2252  -5168   -944   -139   -518
    184  -2300  -5580   -944   -155   -524
     16  -2324  -5348   -976   -211   -524
     28  -2320  -5548  -1008   -197   -510
    124  -2324  -5480   -992   -209   -501
     28  -2300  -5536   -992   -192   -482
    252  -2156  -5436   -960   -174   -495
    160  -2404  -5292  -1024   -201   -499
    160  -2312  -5456   -960   -191   -545
     12  -2288  -5344   -960   -181   -515
    268  -2288  -5264   -992   -191   -553
    196  -2304  -5460   -992   -161   -496
    124  -2116  -5680   -992   -208   -478
    260  -2300  -5376   -992   -156   -514
    268  -2348  -5560   -976   -183   -474
    148  -2268  -5492   -976   -181   -494
    172  -2392  -5232   -976   -207   -505
    112  -2204  -5348   -944   -221   -502
    296  -2380  -5372   -992   -210   -517
    136  -2160  -5396   -976   -220   -503
    104  -2228  -5280   -992   -191   -504
     88  -2284  -5540   -944   -231   -453
    152  -2312  -5336   -960   -209   -464
    268  -2400  -5420   -992   -211   -477
    228  -2300  -5460   -976   -223   -481
    236  -2336  -5192   -944   -203   -476
    328  -2216  -5312   -976   -206   -478
    264  -2284  -5224   -976   -211   -476
    172  -2456  -5332  -1008   -173   -488
    196  -2236  -5480   -992   -210   -467
    216  -2252  -5316   -960   -199   -433
      8  -2240  -5416   -992   -208   -453
    120  -2248  -5324   -960   -214   -465
    152  -2344  -5416   -992   -173   -487
    220  -2336  -5276   -960   -178   -486
    208  -2192  -5288   -976   -181   -546
     28  -2256  -5320   -976   -197   -556
    188  -2328  -5324   -992   -180   -551
    -16  -2364  -5208   -960   -181   -578
   -124  -2244  -5236  -1024   -213   -677
     36  -2168  -5316   -960   -276   -848
    116  -2188  -5420   -992   -355   -935
     88  -2220  -5664   -976   -413   -955
    184  -2208  -5336   -944   -470   -841
    336  -2104  -5180  -1008   -476   -750
    684  -2264  -5484   -976   -384   -622
    560  -2088  -5444  -1008   -287   -536
    540  -2212  -5368   -912   -216   -483
    652  -2216  -5544   -992   -164   -438
   -380  -1620  -5164   -992   -115   -302
    564  -1744  -4904  -1024   -112   -337
    492  -2084  -5172   -944   -140   -219
    184  -2140  -5396   -976   -126   -127
    204  -2188  -5192  -1008    -76    -95
   -208  -2288  -5432   -944    -83   -162
   -100  -2336  -5296   -928    -96   -266
   -200  -2132  -5228  -1008   -154   -455
   -188  -2336  -5292   -944   -254   -651
   -360  -2300  -5372   -944   -360   -804
   -156  -2288  -5412  -1008   -330   -850
    180  -2240  -5500   -976   -306   -874
    152  -2368  -5540   -976   -251   -844
    364  -2212  -5384   -976   -209   -727
    424  -2000  -5308  -1008   -221   -691
    528  -2076  -5604   -976   -136   -622
    580  -2244  -5324   -944   -142   -549
    520  -2192  -5340   -976    -85   -500
    596  -2236  -5308   -992    -32   -438
    372  -2144  -5384   -992     68   -316
    384  -2224  -5192   -992    122   -197
   -968  -1648  -5328   -992     38   -116
   -488  -1716  -6344   -976   -140   -239
    672  -2688  -4940  -1008   -130    -81
    408  -2524  -5228   -976   -149   -301
   -664  -1916  -5712   -944   -241   -450
    -28  -2032  -5412   -976   -210   -614
   -572  -2056  -5548   -960   -306   -703
     68  -2128  -5328  -1008   -307   -782
      4  -2220  -5584  -1008   -408   -794
    232  -2268  -5488   -944   -468   -774
    244  -2292  -5564   -976   -484   -724
    488  -2172  -5244   -944   -405   -652
    512  -2108  -5404   -944   -351   -646
    644  -2156  -5396   -928   -279   -522
    512  -2112  -5388   -960   -216   -459
    340  -2256  -5484   -992   -180   -382
    188  -2084  -5344   -960   -161   -314
     84  -2236  -5380   -960   -131   -247
    -40  -2252  -5548   -992   -126   -136
   -184  -2496  -5304   -960   -136   -249
   1996  -2648  -4604  -1008     15   -188
    308  -1948  -4876   -944    -36   -338
   -112  -2116  -5580   -976   -167   -448
    -48  -2436  -5196   -960   -206   -597
   -164  -2348  -5244   -992   -279   -722
    -20  -2220  -5616   -976   -307   -737
     36  -2244  -5392  -1008   -257   -749
    340  -2220  -5448   -976   -240   -726
    276  -2308  -5284   -944   -237   -713
    304  -2248  -5264  -1008   -223   -662
    356  -2200  -5488   -992   -220   -673
    492  -2220  -5360   -976   -146   -607
    504  -2168  -5264   -976    -92   -534
    404  -2256  -5268   -944    -11   -473
    496  -2204  -5464   -928     10   -345
    348  -2224  -5404   -960      2   -249
    172  -2240  -5492   -960    -21   -181
    528  -2368  -4868   -960     -4   -171
    500  -2240  -5284   -976    -44   -300
    -92  -2268  -5156   -992    -74   -335
   -232  -2212  -5344   -976   -174   -510
   -208  -2220  -5480   -944   -185   -611
   -128  -2224  -5396   -976   -217   -704
     48  -2336  -5604   -976   -291   -724
    104  -2292  -5496  -1008   -386   -713
    164  -2228  -5472   -944   -448   -716
    156  -2072  -5332   -944   -390   -662
    564  -2256  -5456   -928   -412   -648
    404  -2080  -5488   -976   -355   -627
    496  -2196  -5276   -944   -262   -591
    600  -2120  -5328   -944   -234   -565
    536  -2192  -5296  -1008   -189   -477
    356  -2164  -5416   -976   -198   -342
    260  -2372  -5388   -992   -183   -221
    132  -2204  -5516   -992   -163   -139
     76  -2264  -5300   -976   -153    -82
    128  -2408  -5212   -976   -123   -125
   -188  -2252  -5504   -944   -135   -260
   -136  -2304  -5552   -944   -166   -459
    -68  -2236  -5056   -976   -157   -555
   -244  -2316  -5436   -944   -216   -664
   -172  -2324  -5568   -944   -220   -717
    -20  -2168  -5448  -1008   -244   -718
    100  -2316  -5424   -976   -236   -722
    312  -2328  -5304   -976   -238   -669
    244  -2136  -5432   -928   -224   -653
    504  -2144  -5376   -960   -194   -641
    536  -2180  -5340  -1024   -182   -607
    564  -2356  -5248   -944    -93   -639
    488  -2248  -5156   -992    -48   -539
    208  -2248  -5540   -944    -10   -482
    324  -2188  -5696   -960      9   -320
    108  -2236  -5476  -1024      5   -242
    120  -2200  -5372   -960    -73   -175
     12  -2156  -5508   -960    -78   -161
   1080  -2700  -4848  -1008    -35   -267
    616  -2560  -4944   -944    -52   -429
    136  -2124  -5180   -976   -165   -604
   -256  -2188  -5396   -976   -209   -710
    -76  -2336  -5564   -976   -306   -765
   -252  -2168  -5496  -1008   -394   -767
     -4  -2232  -5424   -992   -398   -696
    140  -2188  -5296   -976   -418   -620
    244  -2284  -5344   -976   -387   -572
    400  -2172  -5336   -976   -332   -552
    568  -2076  -5220   -960   -277   -615
    428  -2392  -5280   -928   -210   -593
    464  -2216  -5412   -960   -195   -527
    344  -2320  -5396   -944   -194   -435
    244  -2184  -5568   -992   -214   -339
    240  -2192  -5276   -960   -135   -215
    172  -2196  -5400   -928   -127   -140
    116  -2280  -5488   -960   -105   -143
   -268  -1888  -5816  -1024   -133   -272
    480  -2224  -5388   -928   -123   -362
   -140  -2192  -5392  -1008   -149   -512
   -284  -2408  -5260  -1008   -169   -624
     24  -2356  -5552   -992   -227   -747
    156  -2320  -5636   -928   -274   -736
    204  -2196  -5256   -992   -216   -671
    184  -2344  -5356   -944   -218   -641
    132  -2212  -5564   -976   -256   -624
    488  -2148  -5396   -960   -203   -607
    524  -2152  -5184   -960   -136   -591
    468  -2220  -5360   -960   -124   -592
    484  -2088  -5244   -944    -39   -592
    268  -2196  -5480  -1008    -49   -484
    404  -2088  -5432   -976    -27   -428
    236  -2320  -5572   -960    -72   -292
     56  -2272  -5492   -992    -50   -238
      8  -2228  -5276   -928    -58   -200
     84  -2436  -5280   -976   -127   -247
    264  -2280  -5016   -976   -107   -398
   -124  -2144  -5500   -976   -198   -539
    140  -2272  -5404   -992   -239   -650
     16  -2240  -5340   -992   -271   -709
   -180  -2164  -5464   -992   -299   -758
     72  -2144  -5460   -944   -376   -752
    136  -2236  -5460  -1008   -362   -633
    264  -2204  -5476  -1008   -404   -601
    340  -2148  -5380   -960   -357   -573
    428  -2320  -5224   -976   -277   -508
    448  -2120  -5380   -992   -266   -562
    360  -2172  -5268   -976   -194   -523
    416  -2376  -5276   -976   -159   -487
    268  -2176  -5324   -992   -185   -378
    220  -2196  -5468   -992   -131   -283
    164  -2192  -5372   -928   -116   -194
     56  -2352  -5580   -976   -135   -134
    204  -2116  -5180   -976    -71   -146
    228  -2116  -5016   -928    -95   -304
     92  -2212  -5096   -944   -130   -441
     20  -2188  -5196  -1008   -188   -584
     80  -2380  -5196   -944   -200   -694
    112  -2268  -5492   -976   -188   -746
    -80  -2148  -5536   -912   -188   -723
     28  -2292  -5280   -992   -243   -712
     76  -2332  -5240   -992   -246   -626
    408  -2284  -5368   -992   -237   -609
    484  -2180  -5148   -944   -191   -582
    456  -2136  -5356  -1008   -134   -546
    484  -2144  -5184   -992    -99   -561
    392  -2128  -5152   -896    -41   -519
    252  -2036  -5276   -992    -36   -453
    136  -2216  -5716   -928    -22   -384
    128  -2196  -5352   -976    -73   -357
    180  -2236  -5120  -1024    -53   -277
   -128  -2268  -5236  -1024   -120   -260
    108  -2268  -5328   -928   -154   -322
    380  -2288  -5084   -928   -133   -483
   -132  -2252  -5364  -1008   -200   -592
     96  -2300  -5232   -976   -274   -727
    -48  -2204  -5316  -1024   -312   -765
     68  -2260  -5348   -992   -365   -747
    188  -2268  -5400   -976   -368   -701
    160  -2256  -5452  -1008   -361   -638
    392  -2192  -5412  -1040   -333   -562
    416  -2208  -5404  -1024   -333   -537
    292  -2188  -5252   -976   -262   -506
    496  -2144  -5328   -960   -206   -499
    364  -2152  -5388  -1008   -196   -428
    228  -2296  -5388   -944   -165   -384
    256  -2220  -5332   -944   -135   -356
    176  -2272  -5348  -1024   -173   -274
      4  -2184  -5560   -992   -111   -205
    132  -2200  -5272   -960   -107   -206
    -20  -2260  -5408  -1024   -108   -235
   -688  -2188  -5704   -912   -173   -390
    100  -2276  -5036   -976   -137   -499
   -148  -2120  -5404   -992   -165   -624
    -84  -2228  -5264   -992   -199   -692
   -100  -2248  -5520  -1024   -208   -723
    240  -2316  -5404   -992   -262   -700
    348  -2308  -5404  -1024   -231   -656
    224  -2228  -5380   -928   -191   -620
    452  -2252  -5332   -976   -210   -572
    336  -2308  -5424   -992   -123   -543
    492  -2168  -5440   -928   -138   -551
    480  -2132  -5328   -960   -111   -519
    320  -2168  -5492   -960    -73   -482
    296  -2336  -5376   -960    -50   -452
    160  -2264  -5376  -1056    -60   -366
    168  -2352  -5636  -1024    -78   -283
    -16  -2400  -5460  -1008   -135   -308
     76  -2212  -5368   -944   -163   -348
    164  -2424  -5536  -1040   -216   -439
     72  -2192  -5460  -1008   -237   -538
   -916  -2416  -3112   -976    314  -1572
     -4  -2320  -5500   -960   -352   -748
    -84  -2316  -5652  -1024   -324   -765
      8  -2296  -5580   -992   -413   -721
     28  -2056  -5520   -992   -388   -696
    308  -2256  -5376  -1008   -348   -624
    328  -2068  -5308   -976   -327   -568
    412  -2172  -5512  -1008   -302   -542
    564  -2224  -5288   -960   -227   -491
    360  -2272  -5460   -960   -199   -447
    432  -2236  -5184   -992   -127   -404
    272  -2220  -5324   -992   -142   -365
    196  -2220  -5308   -976   -115   -309
    -96  -2228  -5596  -1024   -131   -261
     32  -2208  -5492   -992   -128   -236
    -48  -2284  -5472   -960   -130   -229
   -180  -2200  -5288   -992   -137   -314
   -192  -2296  -5360   -960   -190   -465
   -164  -2312  -5340   -960   -175   -550
   -100  -2228  -5548   -976   -238   -666
     -4  -2272  -5260   -976   -233   -715
     44  -2196  -5528  -1008   -268   -701
     72  -2220  -5292   -976   -245   -718
    256  -2212  -5712   -976   -240   -648
    392  -2184  -5440   -992   -239   -616
    280  -2148  -5280   -992   -156   -550
    340  -2196  -5212   -960   -191   -509
    320  -2188  -5388   -992   -156   -541
    320  -2072  -5352   -992   -100   -508
    164  -2192  -5292   -912    -37   -460
     60  -2140  -5400   -976    -44   -437
    104  -2216  -5464  -1024    -73   -378
     84  -2216  -5284   -960    -88   -324
   -120  -2124  -5300   -928   -144   -380
   -208  -2412  -5232   -992   -135   -352
      0  -2180  -5372   -944   -240   -509
     24  -2304  -5340   -976   -211   -629
    -48  -2244  -5536  -1008   -290   -670
   -156  -2184  -5260   -976   -363   -739
     16  -1972  -5348   -960   -358   -729
    140  -2152  -5280   -992   -378   -717
    248  -2404  -5340  -1024   -372   -658
    196  -2100  -5432   -960   -308   -587
    240  -2112  -5528   -960   -287   -526
    276  -2096  -5396  -1008   -237   -450
    428  -2236  -5208  -1008   -177   -429
    356  -2160  -5432  -1008   -162   -404
    196  -2140  -5552   -976   -116   -352
   -764  -2164  -4228  -1008     99   -117
    -12  -2316  -5404   -976   -137   -288
     92  -2328  -5232   -976   -189    -28
   -164  -2120  -5588   -976   -116   -211
      8  -2116  -5292   -976   -110   -311
    -68  -2300  -5288   -976   -137   -417
   -188  -2216  -5460   -976   -126   -488
   -112  -2200  -5256  -1008   -205   -599
     60  -2140  -5044   -992   -216   -644
     60  -2180  -5464  -1008   -249   -718
    -28  -2188  -5428   -944   -218   -700
    204  -2080  -5548  -1008   -229   -671
    384  -2148  -5448   -976   -231   -623
    180  -2120  -5380   -944   -201   -590
    404  -2120  -5348   -976   -145   -548
    276  -2212  -5408   -976   -155   -527
    256  -2104  -5196   -944   -115   -477
    220  -2188  -5388   -976    -85   -484
    116  -2244  -5392  -1008    -69   -465
    -48  -2204  -5464   -944    -83   -402
    108  -2228  -5192  -1008   -117   -408
    -48  -2152  -5480   -944   -141   -389
     48  -2220  -5348   -992   -166   -397
    -20  -2128  -5344  -1040   -190   -482
     16  -2244  -5496   -976   -217   -574
     12  -2200  -5460   -976   -237   -636
     84  -2204  -5476   -944   -306   -673
    128  -2048  -5420   -976   -318   -693
     60  -2256  -5332   -992   -308   -706
     80  -2152  -5236   -976   -362   -660
     56  -2364  -5420  -1008   -311   -581
    336  -2160  -5392   -976   -269   -506
    336  -2292  -5228   -944   -250   -494
    316  -2276  -5304  -1008   -183   -421
    228  -2224  -5276  -1008   -181   -383
    388  -2232  -5408   -960   -180   -333
    192  -2216  -5348   -960   -133   -318
     -4  -2220  -5572   -976   -101   -307
    -88  -2136  -5388  -1008   -104   -252
     60  -2172  -5348   -976   -116   -294
   -128  -2116  -5348   -976   -123   -318
     60  -2220  -5504   -944   -110   -391
    -60  -2292  -5344   -944   -167   -479
   -116  -2120  -5364   -976   -184   -545
    -72  -2308  -5384   -992   -210   -649
      0  -2116  -5512   -976   -190   -660
     96  -2156  -5372   -944   -257   -686
    108  -2148  -5480   -976   -243   -664
    228  -2188  -5392   -944   -210   -639
    164  -2160  -5268   -944   -226   -628
    164  -2168  -5324  -1024   -174   -563
    304  -2164  -5352  -1008   -140   -563
    284  -2304  -5556   -992   -105   -538
    304  -2188  -5368   -992    -77   -478
    172  -2256  -5488  -1024    -75   -444
    100  -2152  -5500   -944    -98   -371
    124  -2140  -5364   -976   -114   -363
    -32  -2156  -5452   -976   -132   -392
     -8  -2264  -5372   -976   -180   -423
    -88  -2240  -5324  -1040   -182   -484
    -52  -2052  -5516   -992   -246   -524
    -84  -2180  -5476   -928   -263   -602
    -56  -2244  -5508   -976   -318   -688
     88  -2236  -5568   -976   -331   -672
    -16  -2212  -5436   -944   -341   -653
    208  -2152  -5424   -992   -299   -647
     24  -2172  -5420   -992   -308   -607
    316  -2192  -5268   -992   -298   -529
    312  -2232  -5496  -1024   -247   -467
    336  -2120  -5544   -960   -212   -443
    396  -2280  -5476   -992   -160   -412
    328  -2180  -5320  -1008   -122   -389
    176  -2216  -5480   -960   -128   -318
    268  -2208  -5192   -976   -154   -274
    -20  -2092  -5456   -944    -90   -229
     56  -2176  -5452  -1008    -98   -257
    -60  -2196  -5460   -976   -119   -343
   -104  -2272  -5200   -992   -105   -394
   -156  -2252  -5384   -992   -133   -447
    -64  -2284  -5504   -960   -191   -533
     32  -2176  -5644   -960   -195   -627
    -60  -2184  -5308   -960   -210   -665
     20  -2232  -5436   -944   -271   -673
    124  -2148  -5480   -944   -238   -673
    204  -2220  -5492   -960   -231   -665
    188  -2132  -5372   -960   -206   -624
    224  -2204  -5380   -992   -207   -589
    260  -2096  -5368   -992   -200   -569
    360  -2180  -5404   -944   -120   -545
    264  -2224  -5364   -976   -122   -499
    196  -2144  -5400   -976    -93   -467
     92  -2104  -5452   -944    -93   -443
     60  -2172  -5324  -1008   -117   -370
     12  -2180  -5508   -976   -146   -423
    -28  -2152  -5524   -960   -174   -438
   -108  -2244  -5432   -976   -188   -492
     48  -2240  -5352   -960   -220   -512
    -92  -2364  -5532   -944   -253   -585
     -8  -2152  -5528  -1008   -255   -636
   -124  -2216  -5268   -944   -295   -658
     48  -2232  -5596   -992   -341   -651
    212  -2128  -5492   -960   -332   -647
    136  -2196  -5640  -1008   -315   -587
    232  -2220  -5132  -1008   -284   -541
    140  -2088  -5424   -976   -257   -522
    348  -2136  -5280   -976   -221   -480
    256  -2228  -5340   -976   -189   -388
    148  -2212  -5560   -928   -189   -396
    164  -2148  -5612   -992   -130   -339
    188  -2100  -5516   -976   -141   -295
    204  -2176  -5244  -1008    -97   -278
    -64  -2264  -5292   -944   -110   -312
    -96  -2224  -5496   -960   -100   -338
     16  -2096  -5556   -960   -147   -360
     52  -1960  -5360  -1024   -138   -418
    -36  -2128  -5496   -976   -177   -535
    -12  -2240  -5312   -944   -186   -588
   -160  -2088  -5564   -976   -219   -644
    116  -2316  -5344   -976   -238   -670
     48  -2168  -5396   -944   -282   -706
     96  -2216  -5452   -944   -221   -636
     40  -2240  -5284   -960   -238   -658
    244  -2156  -5496   -944   -207   -615
    308  -2080  -5460   -960   -191   -588
    192  -2136  -5236   -992   -161   -536
    248  -2224  -5324   -960   -113   -501
    120  -2040  -5228   -992    -98   -493
     48  -2276  -5380   -976    -91   -429
     12  -2248  -5444   -976   -113   -441
    132  -2040  -5440   -960   -177   -393
     32  -2276  -5592   -960   -143   -422
      4  -2184  -5408   -992   -178   -451
   -116  -2156  -5604   -992   -189   -520
     40  -2244  -5488   -992   -294   -577
    128  -2304  -5344   -960   -254   -581
    136  -2364  -5292   -992   -268   -604
    160  -2076  -5364   -960   -296   -630
    164  -2188  -5496   -992   -295   -618
     28  -2220  -5336   -992   -273   -598
    260  -2180  -5316   -992   -307   -564
    264  -2256  -5644   -992   -259   -482
    208  -2216  -5612   -976   -191   -491
    244  -2204  -5412   -976   -154   -424
    184  -2220  -5460  -1024   -163   -379
    120  -2120  -5412   -992   -151   -349
     84  -2068  -5392   -992   -113   -273
    184  -2136  -5308   -960   -139   -323
     56  -2248  -5616   -992    -88   -312
   -156  -2092  -5304   -944   -139   -331
    -16  -2256  -5344   -960   -146   -376
    -76  -2256  -5488   -976   -201   -466
   -100  -2208  -5316  -1040   -260   -382
    116  -2128  -5524   -976   -196   -577
    -56  -2172  -5472  -1008   -228   -625
      0  -2068  -5268   -976   -263   -653
     64  -2168  -5332   -944   -282   -687
    192  -2100  -5452   -960   -236   -660
    -20  -2276  -5420   -992   -236   -625
    176  -2224  -5364   -992   -197   -626
    416  -2112  -5552  -1024   -176   -607
    264  -2284  -5272   -960   -160   -578
    332  -2156  -5548   -976   -169   -523
    184  -2160  -5452  -1008    -94   -474
    100  -2140  -5388   -992   -107   -430
    124  -2116  -5504   -928   -131   -425
    128  -2128  -5260   -960   -125   -418
    -40  -2284  -5424   -992   -116   -449
    -96  -2196  -5368   -992   -166   -423
    -80  -2236  -5576   -944   -201   -509
      0  -2164  -5308   -976   -176   -523
   -200  -2184  -5300   -976   -264   -604
     80  -2216  -5592  -1024   -274   -629
     20  -2220  -5324   -992   -303   -653
    104  -2144  -5364  -1024   -295   -597
    156  -2192  -5548  -1008   -279   -564
    164  -2128  -5388   -976   -303   -506
    172  -2184  -5352   -976   -253   -499
    288  -2224  -5288   -976   -263   -486
    260  -2180  -5452   -976   -224   -428
    236  -2100  -5268  -1008   -194   -382
    380  -2232  -5368   -976   -149   -345
    224  -2284  -5612   -992   -112   -313
    224  -2088  -5452   -944   -133   -323
     20  -2208  -5364   -960   -109   -281
     64  -2288  -5392   -992   -128   -357
    -60  -1988  -5396   -960   -125   -344
     88  -2160  -5468   -960   -139   -442
   -220  -2204  -5444   -944   -170   -479
   -212  -2272  -5428   -944   -179   -582
    -96  -2192  -5556   -976   -228   -620
     12  -2128  -5384   -976   -216   -669
     64  -2236  -5568  -1008   -237   -647
    164  -2292  -5472   -944   -239   -615
    120  -2052  -5416   -992   -261   -651
    244  -2184  -5472   -992   -212   -611
    216  -2116  -5448  -1024   -177   -594
    284  -2112  -5484  -1024   -205   -593
    288  -2028  -5388   -960   -191   -585
    160  -2292  -5240   -960   -135   -548
    284  -2276  -5348  -1008    -97   -470
    136  -2240  -5560   -976    -81   -432
     12  -2180  -5592   -960   -111   -437
    -24  -2208  -5300   -992   -159   -438
    -12  -2136  -5256   -928   -189   -440
      0  -2288  -5488   -976   -206   -477
     -4  -2260  -5368   -960   -248   -517
     12  -2172  -5396  -1008   -244   -570
    -48  -2052  -5604   -960   -252   -580
     24  -2224  -5528   -992   -295   -589
     84  -2228  -5292   -944   -302   -599
    164  -2112  -5524   -976   -292   -564
    252  -2116  -5632  -1008   -275   -571
     84  -2248  -5464   -976   -278   -552
    216  -2192  -5352  -1024   -202   -484
    296  -2064  -5424   -960   -203   -470
    116  -2200  -5320  -1024   -183   -396
    228  -2140  -5420  -1024   -156   -396
    180  -2116  -5432   -976   -180   -346
     88  -2176  -5528   -992   -131   -320
    -36  -2160  -5532  -1024   -148   -318
   -252  -2260  -5424   -992   -125   -355
      0  -2088  -5516   -960   -124   -392
      0  -2144  -5392   -992   -109   -439
    -32  -2216  -5368   -960   -145   -507
   -192  -2156  -5388   -992   -215   -566
     20  -2328  -5308   -976   -213   -626
      8  -2212  -5280   -976   -282   -652
     -4  -2112  -5524  -1008   -257   -675
    -40  -2248  -5432   -976   -246   -647
    288  -2216  -5424   -992   -232   -635
    256  -2156  -5468   -976   -209   -644
    192  -2232  -5328   -976   -202   -652
    396  -2140  -5348  -1008   -216   -605
    248  -2060  -5468  -1008   -187   -572
    112  -2104  -5548   -960   -179   -514
    204  -2220  -5452   -976   -110   -470
     52  -2120  -5468   -976   -115   -466
    -48  -2296  -5248   -976   -111   -480
     68  -2080  -5464   -992   -128   -433
    -68  -2228  -5496   -992   -182   -478
   -172  -2256  -5500   -928   -152   -485
   -140  -2156  -5428   -992   -220   -529
   -164  -2276  -5436   -992   -211   -555
    -84  -2176  -5368   -960   -258   -556
     60  -2228  -5560  -1008   -269   -604
    -32  -2092  -5644   -960   -274   -617
    -24  -2316  -5312   -960   -282   -544
    128  -2116  -5532   -960   -272   -556
    168  -2136  -5460   -960   -241   -536
    204  -2196  -5396   -960   -232   -446
    272  -2092  -5320   -944   -185   -459
    224  -2144  -5500   -976   -180   -441
    232  -2204  -5432  -1008   -180   -423
    164  -2176  -5556   -944   -174   -355
    116  -2192  -5424   -976   -125   -349
    156  -2196  -5232   -992   -132   -304
   -128  -2072  -5568   -960    -94   -341
    -40  -2296  -5384   -960   -116   -363
     20  -2172  -5484   -992   -170   -402
   -128  -2176  -5632   -960   -172   -495
   -120  -2084  -5500   -976   -219   -542
   -128  -2152  -5584  -1040   -263   -596
   -240  -2220  -5492   -976   -247   -640
    -48  -2300  -5568   -976   -260   -670
    -32  -2036  -5332  -1008   -276   -687
    120  -2164  -5432   -960   -249   -670
     92  -2244  -5524  -1008   -222   -660
    288  -2196  -5472   -992   -225   -651
    152  -2228  -5452  -1072   -172   -597
    184  -2232  -5428   -976   -165   -571
    148  -2196  -5392   -992   -144   -583
    160  -2128  -5512   -992   -102   -542
     20  -2196  -5468  -1024   -117   -465
    -88  -2084  -5360   -992   -150   -465
     44  -2184  -5508   -960   -163   -495
    -40  -2140  -5396   -976   -172   -560
    -92  -2220  -5032   -976   -269   -761
   -604  -1960  -5684   -976   -195  -1085
  -3680  -2500  -6216  -1008  -7185  -5879
  -5820    832  -5152  -1040 -20383      0
   5492   1724  -1416   -960   3880  -3628
   -836   -340  -7232  -1040   7745  -4915
  -3188   1476  -9768   -976  -5617  -1337
    112    -24  -4576   -976   2046    402
   -164   -600  -3880   -976  -1837    909
  -3408   -408  -4968  -1008   -190   -206
  -1692    200  -6976   -976   -424   -676
  -1136    160  -7024  -1008   -265   -460
  -1212   -156  -5536   -960   -212   -361
  -1224     12  -6332   -992     43   -609
  -1412     80  -6252   -960    -33   -486
  -1628      0  -6288   -960    -77   -591
  -1596     56  -6428   -960      8   -636
  -1608    144  -6552   -976    -41   -597
  -1484     40  -6120  -1008    -97   -501
  -1636     80  -6120   -944   -183   -547
  -1732    116  -6268   -976   -270   -530
  -1552     52  -6232  -1008   -301   -485
  -1676    -68  -6204   -944   -355   -495
  -1732     -8  -6376   -960   -373   -533
  -1604    -32  -6176   -992   -393   -479
  -1632    128  -6160   -992   -390   -512
  -1536   -124  -6296   -992   -360   -501
  -1648     80  -5944  -1024   -324   -553
  -1372     60  -6084  -1008   -264   -615
  -1548    172  -6300   -960   -174   -634
  -1436    156  -6524   -928   -130   -617
  -1604     52  -5284   -992    158   -646
  -1308     72  -6420   -960    -89   -611
  -1404     16  -6004   -976    -15   -676
  -1580     -4  -6232   -976    -27   -664
  -1728    104  -6328   -944    -52   -611
  -1788     36  -6520   -960    -72   -544
  -1472    104  -6288  -1024   -172   -518
  -1444    132  -6564   -992   -245   -508
  -1660     20  -6504   -992   -293   -477
  -1516     48  -6484   -960   -311   -438
  -1724     32  -6220   -992   -388   -411
  -1656     44  -6304   -976   -406   -388
  -1608    -56  -6292   -976   -418   -341
  -1504     48  -6228   -976   -352   -344
  -1600    140  -6292   -976   -301   -336
  -1348     44  -6280   -960   -256   -395
  -1376    116  -6088  -1024   -144   -456
  -1500    -12  -6156   -992    -99   -493
  -1536     44  -6048  -1024    -84   -525
  -1528    -64  -6464   -944    -32   -533
  -1908    116  -6000   -976     44   -575
  -1756    132  -6200   -960    -96   -756
  -1320     88  -6620  -1008     -3   -742
  -1760    -44  -6280   -960    -77   -470
  -1688     32  -6460   -960   -185   -557
  -1660    156  -6160   -992   -187   -556
  -1648    124  -6340   -992   -318   -536
  -1740     -8  -6276  -1008   -331   -496
  -1572    164  -6236   -944   -382   -469
  -1620     44  -6180  -1008   -398   -431
  -1428     -8  -6500   -976   -377   -523
  -1476    108  -6344   -960   -357   -495
  -1656    196  -6044   -992   -304   -527
  -1552    200  -6316   -960   -250   -562
  -1548    104  -6352  -1024   -178   -596
  -1444    108  -6336   -960   -142   -602
  -1660     60  -5880  -1008    101   -944
  -1568     84  -6280   -944    -23   -596
  -1684    108  -6396   -944    -14   -650
  -1660     24  -6320   -944     19   -676
  -1684    136  -6336  -1008    -39   -579
  -1740     96  -6368  -1008    -67   -604
  -1752    164  -6208  -1024   -130   -543
  -1712    108  -6356   -960   -207   -559
  -1768     24  -6368  -1024   -252   -485
  -1640     12  -6452   -992   -332   -431
  -1784     20  -6528   -976   -374   -413
  -1696     64  -6164  -1008   -408   -344
  -1664     60  -6332  -1024   -400   -355
  -1520    184  -6232  -1024   -356   -337
  -1540    140  -6100   -960   -306   -374
  -1628     68  -6280   -992   -256   -438
  -1624    -20  -6088   -976   -210   -436
  -1588    128  -5992   -976   -142   -480
  -1656     84  -6276   -944    -61   -521
  -1624     96  -6280   -976    -28   -512
  -1672     84  -6136   -944    -26   -528
  -1676    136  -6164   -992    -57   -812
  -1780    156  -7136   -992    -44   -775
  -1644    204  -6588  -1024   -150   -429
  -1844    -12  -6204   -944   -222   -594
  -1832    152  -6260  -1008   -139   -534
  -1712     28  -6276  -1008   -268   -496
  -1848    128  -6232  -1024   -338   -513
  -1608    136  -6344   -992   -347   -499
  -1704     48  -6456  -1024   -384   -468
  -1732      0  -6276  -1008   -381   -461
  -1632     20  -6208   -976   -335   -462
  -1732    100  -6416   -976   -324   -535
  -1576    100  -6328   -992   -242   -548
  -1660    104  -6200   -960   -207   -582
  -1548    144  -6204  -1008   -105   -625
  -1728    172  -6356  -1008    -21   -635
  -1740     56  -6336  -1008    -33   -595
  -1608    156  -6208  -1040     -6   -639
  -1624    -28  -6316  -1024    -14   -656
  -1844    140  -6356   -928     -4   -630
  -1748     84  -6388   -992    -48   -591
  -1816    152  -6356  -1024   -128   -536
  -1828     88  -6260   -992   -186   -517
  -1752      8  -6420   -976   -263   -469
  -1828    204  -6460  -1024   -269   -428
  -1756    112  -6160   -992   -343   -417
  -1824    124  -6412   -976   -378   -405
  -1808    160  -6348   -976   -368   -397
  -1684    128  -6264  -1008   -336   -341
  -3332   5368  -3800   -992     89  -1650
  -3256   1116  -5524   -960  -2655  -2174
  -1776    644  -6384  -1024   -330  -1032
  -1344   1072  -6352   -992   -767  -1113
  -1772    824  -6648  -1072     -3   -523
  -2044    548  -5912   -976      4   -706
  -2068    640  -6704  -1008   -163   -534
  -2004    552  -6440   -976    -53   -630
  -1972    704  -6596   -976    -39   -534
  -1912    788  -6456  -1024    -40   -641
  -1964    460  -6372  -1024   -308   -660
  -2216    616  -6656  -1024   -160   -540
  -2008    632  -6412  -1024   -306   -572
  -1608    532  -6376  -1024   -668   -455
  -1956    724  -6492  -1008   -488   -397
  -2116    640  -6212  -1008   -390   -414