[(array([-1.62533099e+00, -3.43146188e-07,  1.84575900e+00]), 13.21),
(array([ 1.46911471e+03, -2.79286407e-05,  2.96524920e+02]), 0.8),
(array([ 8.69467632e+00, -1.49470804e-06,  6.27753626e+00]), 3.69),
(array([ 1.03632663e+01, -1.48040129e-06,  4.29389761e+00]), 2.91),
(array([3.61559005e+01, 2.26585989e-08, 1.25225426e+01]), 1.84),
(array([ 8.95518791e+00, -1.01176881e-06,  7.60170625e-01]), 2.35),
(array([ 1.40189475e+01, -1.53531060e-06,  1.67917891e+00]), 1.96),
(array([ 2.00677189e+01, -1.98178091e-06,  2.91316858e+00]), 1.67),
(array([ 2.66772166e+01, -1.42488437e-06,  3.91526355e+00]), 1.48),
(array([ 3.35830145e+01, -1.60106511e-06,  5.13194703e+00]), 1.32),
(array([ 4.11201448e+01, -2.23756352e-06,  5.83561916e+00]), 1.21),
(array([ 4.94993942e+01, -2.23755667e-06,  7.04936111e+00]), 1.11),
(array([ 5.79787494e+01, -2.89198480e-06,  7.84297255e+00]), 1.03),
(array([ 6.73484371e+01, -2.23754548e-06,  8.58325682e+00]), 0.96),
(array([ 7.63685911e+01, -1.91343033e-06,  9.76116953e+00]), 0.9),
(array([ 5.84579488e+01, -3.76647527e-06,  6.56845383e+00]), 0.98),
(array([ 8.23026902e+01, -4.81124492e-06,  1.00485327e+01]), 0.85)
(array([ 1.09334417e+02, -5.63234472e-06,  1.23325228e+01]), 0.76),
(array([ 1.09579213e+02, -5.68010841e-06,  1.04428648e+01]), 0.76),
(array([ 1.30568896e+02, -4.15591513e-06,  1.28222078e+01]), 0.7000000000000001),
(array([ 1.46436331e+02, -5.73023959e-06,  1.47449225e+01]), 0.66),
(array([ 1.53276690e+02, -2.81329678e-06,  1.53262537e+01]), 0.64)]
